2
64
0.849794 -1.836761 -0.865889 -0.500237 0.010000
0.792680 -1.736285 -0.873949 -0.486018 0.010000
0.737247 -1.634870 -0.880315 -0.474390 0.010000
0.682765 -1.532940 -0.882986 -0.469400 0.010000
0.628515 -1.430887 -0.882479 -0.470351 0.010000
0.573799 -1.329083 -0.878512 -0.477720 0.010000
0.517804 -1.227978 -0.870341 -0.492449 0.010000
0.459709 -1.128067 -0.857921 -0.513781 0.010000
0.398843 -1.029821 -0.841460 -0.540319 0.010000
0.334640 -0.933725 -0.820786 -0.571236 0.010000
0.266688 -0.840244 -0.796166 -0.605078 0.010000
0.194677 -0.749855 -0.767135 -0.641486 0.010000
0.118298 -0.663129 -0.732615 -0.680643 0.010000
0.037202 -0.580803 -0.689686 -0.724109 0.010000
-0.049458 -0.504374 -0.629700 -0.776839 0.010000
-0.142583 -0.435994 -0.550521 -0.834821 0.010000
-0.242400 -0.377848 -0.452101 -0.891967 0.010000
-0.348557 -0.332337 -0.332586 -0.943073 0.010000
-0.459836 -0.301427 -0.200498 -0.979694 0.010000
-0.574325 -0.286244 -0.064246 -0.997934 0.010000
-0.689843 -0.285553 0.048017 -0.998847 0.010000
-0.804871 -0.296438 0.135261 -0.990810 0.010000
-0.918923 -0.315090 0.179234 -0.983807 0.010000
-1.032654 -0.335649 0.154184 -0.988042 0.010000
-1.147777 -0.340530 -0.126144 -0.992012 0.010000
-1.252597 -0.295631 -0.648156 -0.761508 0.010000
-1.313831 -0.199429 -0.962850 -0.270038 0.010000
-1.324504 -0.085013 -0.998450 0.055650 0.010000
-1.306875 0.029064 -0.973422 0.229021 0.010000
-1.273047 0.139510 -0.936542 0.350554 0.010000
-1.226712 0.245337 -0.891997 0.452042 0.010000
-1.168077 0.344853 -0.825481 0.564430 0.010000
-1.096205 0.435252 -0.735488 0.677538 0.010000
-1.011867 0.514140 -0.625994 0.779828 0.010000
-0.916326 0.578979 -0.490856 0.871241 0.010000
-0.811101 0.626455 -0.326629 0.945153 0.010000
-0.698983 0.653915 -0.145870 0.989304 0.010000
-0.583706 0.659673 0.046539 0.998916 0.010000
-0.469452 0.643293 0.236204 0.971704 0.010000
-0.360302 0.605714 0.408132 0.912923 0.010000
-0.259037 0.550224 0.547022 0.837118 0.010000
-0.166978 0.480470 0.654563 0.756007 0.010000
-0.084047 0.400041 0.732858 0.680381 0.010000
-0.009317 0.311915 0.788744 0.614722 0.010000
0.058532 0.218372 0.827909 0.560862 0.010000
0.120605 0.120895 0.857490 0.514501 0.010000
0.177770 0.020455 0.879357 0.476164 0.010000
0.231025 -0.082116 0.894570 0.446927 0.010000
0.281346 -0.186160 0.905381 0.424600 0.010000
0.329351 -0.291294 0.913484 0.406874 0.010000
0.375546 -0.397236 0.919488 0.393118 0.010000
0.420362 -0.503769 0.923777 0.382932 0.010000
0.464160 -0.610726 0.926872 0.375376 0.010000
0.507208 -0.717986 0.929214 0.369543 0.010000
0.549551 -0.825526 0.931767 0.363058 0.010000
0.591122 -0.933368 0.934337 0.356392 0.010000
0.631959 -1.041489 0.936596 0.350411 0.010000
0.672163 -1.149847 0.938406 0.345533 0.010000
0.711882 -1.258385 0.939730 0.341917 0.010000
0.751188 -1.367072 0.941091 0.338152 0.010000
0.789996 -1.475938 0.943048 0.332656 0.010000
0.827806 -1.585155 0.947285 0.320391 0.010000
0.863778 -1.694989 0.953631 0.300980 0.010000
0.897155 -1.805638 0.960305 0.278953 0.010000
