0.863587 -1.824310 -0.002150
0.863359 -1.824397 1.001999
0.769030 -1.650540 -0.002137
0.768860 -1.650676 1.001913
0.509340 -1.104519 -0.000415
0.509508 -1.104265 1.000325
0.846127 -1.834598 0.045742
0.846890 -1.834150 0.149934
0.846802 -1.833885 0.246274
0.846781 -1.833851 0.345916
0.846755 -1.833834 0.444335
0.846753 -1.833833 0.543322
0.846775 -1.833849 0.641728
0.846782 -1.833877 0.741412
0.846842 -1.834138 0.837666
0.845927 -1.834869 0.942534
0.811180 -1.726612 -0.003313
0.811081 -1.726850 1.003023
0.718957 -1.560104 -0.003645
0.718787 -1.560214 1.003300
0.473625 -1.041747 -0.000254
0.473914 -1.041781 1.000185
0.792085 -1.736688 0.046153
0.792797 -1.737108 0.150163
0.793097 -1.737262 0.246068
0.793145 -1.737285 0.346014
0.793156 -1.737298 0.444277
0.793156 -1.737298 0.543384
0.793146 -1.737289 0.641617
0.793094 -1.737276 0.741654
0.792794 -1.737201 0.837351
0.791837 -1.737127 0.942318
0.755222 -1.624471 -0.003100
0.755008 -1.624604 1.002745
0.669436 -1.468453 -0.004594
0.669302 -1.468530 1.004225
0.442886 -0.981773 -0.000066
0.442757 -0.981569 1.000038
0.736749 -1.635890 0.045810
0.736945 -1.634832 0.150092
0.737068 -1.634636 0.246097
0.737087 -1.634600 0.346004
0.737089 -1.634593 0.444277
0.737088 -1.634593 0.543386
0.737086 -1.634600 0.641616
0.737055 -1.634633 0.741654
0.736876 -1.634829 0.837352
0.736133 -1.635739 0.942685
0.701521 -1.522665 -0.004055
0.701324 -1.522752 1.003644
0.620445 -1.376352 -0.005075
0.620327 -1.376406 1.004702
0.409351 -0.919031 -0.000041
0.409423 -0.919218 1.000023
0.682329 -1.533771 0.046089
0.682625 -1.533125 0.149940
0.682801 -1.533083 0.246174
0.682830 -1.533076 0.345973
0.682835 -1.533078 0.444292
0.682835 -1.533078 0.543373
0.682829 -1.533078 0.641638
0.682791 -1.533090 0.741602
0.682567 -1.533169 0.837444
0.681758 -1.533792 0.942514
0.647624 -1.420538 -0.004750
0.647475 -1.420619 1.004334
0.571536 -1.284219 -0.005195
0.571405 -1.284271 1.004782
0.375960 -0.860143 -0.000257
0.376122 -0.859860 1.000179
0.627911 -1.431172 0.046290
0.628364 -1.430978 0.149783
0.628489 -1.430897 0.246256
0.628505 -1.430877 0.345939
0.628508 -1.430876 0.444309
0.628507 -1.430876 0.543357
0.628503 -1.430878 0.641667
0.628477 -1.430900 0.741536
0.628296 -1.431009 0.837563
0.627452 -1.431432 0.942367
0.592978 -1.318548 -0.005096
0.592856 -1.318644 1.004672
0.521954 -1.193065 -0.003890
0.521711 -1.193153 1.003433
0.342205 -0.797786 -0.000292
0.342536 -0.797730 1.000205
0.572943 -1.328882 0.046369
0.573669 -1.329168 0.149678
0.573796 -1.329126 0.246317
0.573815 -1.329119 0.345911
0.573818 -1.329120 0.444325
0.573818 -1.329120 0.543341
0.573813 -1.329120 0.641696
0.573787 -1.329133 0.741472
0.573612 -1.329208 0.837673
0.572650 -1.329363 0.942271
0.536816 -1.217529 -0.004572
0.536643 -1.217666 1.004087
0.468616 -1.104186 -0.000588
0.468237 -1.104253 1.000428
0.309191 -0.738032 -0.000251
0.309415 -0.737856 1.000182
0.516735 -1.227651 0.046162
0.517697 -1.228097 0.149657
0.517797 -1.228009 0.246343
0.517810 -1.227995 0.345897
0.517811 -1.227992 0.444334
0.517811 -1.227992 0.543330
0.517808 -1.227994 0.641719
0.517789 -1.228013 0.741426
0.517645 -1.228121 0.837739
0.516557 -1.228224 0.942375
0.475736 -1.119113 -0.000911
0.475397 -1.119301 1.000694
0.416852 -1.016794 -0.000874
0.416368 -1.016527 1.000598
0.273733 -0.678077 -0.000396
0.274032 -0.677893 1.000288
0.458183 -1.128146 0.045070
0.459510 -1.128064 0.149735
0.459691 -1.128080 0.246330
0.459717 -1.128086 0.345895
0.459719 -1.128086 0.444338
0.459720 -1.128086 0.543322
0.459716 -1.128086 0.641732
0.459691 -1.128091 0.741403
0.459496 -1.128117 0.837746
0.458025 -1.128549 0.943130
0.415001 -1.022904 -0.001048
0.414501 -1.022750 1.000747
0.358823 -0.923284 -0.000919
0.358868 -0.923844 1.000631
0.237450 -0.618933 -0.000304
0.237729 -0.618778 1.000218
0.398535 -1.032425 0.044995
0.398844 -1.030129 0.149698
0.398847 -1.029866 0.246344
0.398850 -1.029837 0.345889
0.398851 -1.029834 0.444343
0.398851 -1.029835 0.543316
0.398849 -1.029836 0.641746
0.398839 -1.029862 0.741367
0.398769 -1.030061 0.837825
0.398094 -1.031965 0.943097
0.347933 -0.921344 -0.001195
0.347793 -0.921838 1.000870
0.301675 -0.837167 -0.000727
0.301663 -0.837670 1.000510
0.199102 -0.561615 -0.000318
0.199361 -0.561405 1.000227
0.332661 -0.933306 0.045204
0.334405 -0.933655 0.149642
0.334621 -0.933731 0.246367
0.334645 -0.933736 0.345879
0.334648 -0.933737 0.444349
0.334648 -0.933737 0.543310
0.334645 -0.933737 0.641757
0.334622 -0.933740 0.741342
0.334429 -0.933734 0.837883
0.332760 -0.933823 0.942934
0.281039 -0.827520 -0.001539
0.280761 -0.827899 1.001179
0.241124 -0.753080 -0.000786
0.241025 -0.753542 1.000569
0.158395 -0.505245 -0.000257
0.158655 -0.505064 1.000179
0.265792 -0.840819 0.045483
0.266625 -0.840386 0.149567
0.266689 -0.840275 0.246393
0.266694 -0.840256 0.345868
0.266696 -0.840255 0.444354
0.266695 -0.840255 0.543305
0.266694 -0.840257 0.641764
0.266682 -0.840273 0.741329
0.266585 -0.840390 0.837918
0.265548 -0.841099 0.942777
0.209322 -0.736579 -0.001947
0.209009 -0.736905 1.001531
0.176843 -0.672188 -0.000697
0.176648 -0.672589 1.000504
0.115632 -0.450991 -0.000170
0.115834 -0.450807 1.000116
0.193927 -0.750423 0.045708
0.194569 -0.749921 0.149514
0.194665 -0.749867 0.246412
0.194680 -0.749862 0.345859
0.194682 -0.749862 0.444359
0.194682 -0.749862 0.543301
0.194680 -0.749862 0.641769
0.194663 -0.749872 0.741318
0.194543 -0.749950 0.837949
0.193647 -0.750686 0.942616
0.132777 -0.649442 -0.002054
0.132440 -0.649751 1.001617
0.108580 -0.595067 -0.000522
0.108263 -0.595356 1.000365
0.070067 -0.398716 -0.000102
0.070228 -0.398566 1.000069
0.117677 -0.663785 0.045779
0.118225 -0.663225 0.149478
0.118296 -0.663150 0.246424
0.118305 -0.663140 0.345854
0.118306 -0.663139 0.444361
0.118306 -0.663139 0.543299
0.118305 -0.663140 0.641774
0.118292 -0.663153 0.741309
0.118193 -0.663249 0.837977
0.117388 -0.664037 0.942556
0.051065 -0.566837 -0.001829
0.050696 -0.567143 1.001411
0.035779 -0.522306 -0.000360
0.035352 -0.522403 1.000235
0.021833 -0.349004 -0.000034
0.021919 -0.348911 1.000023
0.036640 -0.581583 0.045683
0.037123 -0.580896 0.149494
0.037192 -0.580816 0.246417
0.037205 -0.580808 0.345855
0.037206 -0.580807 0.444360
0.037206 -0.580808 0.543299
0.037204 -0.580809 0.641774
0.037189 -0.580820 0.741312
0.037095 -0.580921 0.837974
0.036348 -0.581815 0.942618
-0.036849 -0.490130 -0.001336
-0.037243 -0.490429 1.000992
-0.042688 -0.455011 -0.000283
-0.043113 -0.454835 1.000174
-0.029849 -0.302855 -0.000006
-0.029826 -0.302824 1.000004
-0.049965 -0.505360 0.045444
-0.049535 -0.504483 0.149553
-0.049471 -0.504387 0.246390
-0.049456 -0.504379 0.345862
-0.049455 -0.504377 0.444357
-0.049455 -0.504377 0.543302
-0.049456 -0.504379 0.641771
-0.049472 -0.504392 0.741326
-0.049558 -0.504505 0.837945
-0.050254 -0.505567 0.942785
-0.132008 -0.421277 -0.000787
-0.132361 -0.421559 1.000561
-0.127810 -0.394400 -0.000280
-0.128010 -0.394012 1.000176
-0.085503 -0.261520 -0.000001
-0.085528 -0.261557 1.000000
-0.143055 -0.437194 0.045147
-0.142636 -0.436137 0.149632
-0.142590 -0.436014 0.246357
-0.142577 -0.436001 0.345871
-0.142576 -0.435999 0.444353
-0.142576 -0.435999 0.543304
-0.142578 -0.436001 0.641767
-0.142592 -0.436017 0.741344
-0.142662 -0.436150 0.837905
-0.143311 -0.437388 0.942989
-0.234623 -0.361821 -0.000617
-0.234740 -0.362203 1.000440
-0.219582 -0.341464 -0.000265
-0.219277 -0.341239 1.000173
-0.145350 -0.226524 -0.000003
-0.145377 -0.226579 1.000001
-0.243105 -0.378966 0.045053
-0.242489 -0.377975 0.149655
-0.242414 -0.377865 0.246347
-0.242405 -0.377848 0.345872
-0.242403 -0.377847 0.444352
-0.242403 -0.377847 0.543305
-0.242405 -0.377849 0.641767
-0.242415 -0.377868 0.741350
-0.242492 -0.377999 0.837894
-0.243190 -0.379248 0.943052
-0.343180 -0.314411 -0.001137
-0.343197 -0.314908 1.000828
-0.315863 -0.298749 -0.000306
-0.315411 -0.298922 1.000188
-0.209093 -0.199316 -0.000001
-0.209100 -0.199330 1.000000
-0.349203 -0.333327 0.045337
-0.348616 -0.332463 0.149581
-0.348550 -0.332360 0.246374
-0.348548 -0.332342 0.345862
-0.348546 -0.332341 0.444355
-0.348546 -0.332341 0.543303
-0.348548 -0.332343 0.641772
-0.348553 -0.332363 0.741337
-0.348616 -0.332495 0.837930
-0.349204 -0.333680 0.942865
-0.456564 -0.282004 -0.001867
-0.456568 -0.282490 1.001437
-0.415180 -0.269281 -0.000378
-0.414957 -0.269679 1.000246
-0.275970 -0.181023 -0.000002
-0.275949 -0.180950 1.000001
-0.460332 -0.302306 0.045679
-0.459891 -0.301541 0.149498
-0.459852 -0.301441 0.246405
-0.459851 -0.301426 0.345851
-0.459850 -0.301425 0.444358
-0.459850 -0.301425 0.543301
-0.459851 -0.301427 0.641777
-0.459855 -0.301446 0.741324
-0.459890 -0.301580 0.837966
-0.460305 -0.302700 0.942641
-0.573241 -0.266245 -0.002173
-0.573221 -0.266687 1.001728
-0.516639 -0.254729 -0.000599
-0.516705 -0.255143 1.000430
-0.344584 -0.172357 -0.000025
-0.344578 -0.172166 1.000012
-0.574817 -0.287127 0.045787
-0.574340 -0.286363 0.149484
-0.574315 -0.286261 0.246409
-0.574310 -0.286247 0.345848
-0.574309 -0.286246 0.444359
-0.574309 -0.286246 0.543301
-0.574310 -0.286248 0.641778
-0.574314 -0.286267 0.741329
-0.574332 -0.286407 0.837955
-0.574700 -0.287548 0.942604
-0.690651 -0.265518 -0.002217
-0.690589 -0.265906 1.001811
-0.619788 -0.253625 -0.000932
-0.619978 -0.253990 1.000714
-0.414014 -0.172476 -0.000087
-0.414003 -0.172191 1.000049
-0.690304 -0.286522 0.045739
-0.689840 -0.285678 0.149513
-0.689852 -0.285571 0.246403
-0.689859 -0.285556 0.345848
-0.689859 -0.285554 0.444360
-0.689859 -0.285554 0.543300
-0.689859 -0.285556 0.641777
-0.689853 -0.285577 0.741333
-0.689838 -0.285720 0.837935
-0.690066 -0.286928 0.942654
-0.807703 -0.275204 -0.004030
-0.807634 -0.275468 1.003529
-0.723904 -0.261990 -0.001926
-0.724021 -0.262353 1.001585
-0.482429 -0.179724 -0.000246
-0.482509 -0.179355 1.000158
-0.805477 -0.297283 0.046175
-0.804885 -0.296554 0.149442
-0.804848 -0.296451 0.246429
-0.804850 -0.296437 0.345844
-0.804850 -0.296436 0.444362
-0.804850 -0.296436 0.543298
-0.804850 -0.296438 0.641783
-0.804846 -0.296456 0.741306
-0.804864 -0.296591 0.838007
-0.805104 -0.297615 0.942266
-0.922701 -0.294101 -0.003800
-0.922633 -0.294395 1.003289
-0.827808 -0.277073 -0.004240
-0.827807 -0.277336 1.003726
-0.551418 -0.191670 -0.000462
-0.551417 -0.191260 1.000325
-0.919399 -0.315958 0.046118
-0.918888 -0.315202 0.149463
-0.918958 -0.315113 0.246416
-0.918956 -0.315098 0.345850
-0.918958 -0.315097 0.444360
-0.918958 -0.315097 0.543299
-0.918957 -0.315099 0.641782
-0.918956 -0.315117 0.741306
-0.918897 -0.315238 0.838017
-0.919073 -0.316253 0.942251
-1.036675 -0.319416 -0.000352
-1.036392 -0.319604 1.000248
-0.930681 -0.296015 -0.003606
-0.930647 -0.296325 1.003113
-0.618748 -0.203990 -0.000513
-0.618875 -0.203634 1.000376
-1.032982 -0.337236 0.044779
-1.032661 -0.335812 0.149688
-1.032656 -0.335671 0.246348
-1.032657 -0.335652 0.345867
-1.032658 -0.335650 0.444355
-1.032658 -0.335650 0.543302
-1.032657 -0.335652 0.641771
-1.032653 -0.335673 0.741346
-1.032646 -0.335830 0.837877
-1.032733 -0.337404 0.943201
-1.145406 -0.320317 -0.002525
-1.145433 -0.320609 1.002178
-1.034183 -0.307373 -0.000139
-1.033864 -0.307231 1.000083
-0.689174 -0.207861 -0.000894
-0.689094 -0.207457 1.000689
-1.147648 -0.341376 0.045943
-1.147722 -0.340659 0.149489
-1.147703 -0.340557 0.246407
-1.147718 -0.340540 0.345855
-1.147717 -0.340538 0.444360
-1.147718 -0.340538 0.543298
-1.147718 -0.340540 0.641781
-1.147707 -0.340560 0.741300
-1.147731 -0.340685 0.838026
-1.147720 -0.341700 0.942339
-1.238714 -0.279097 -0.004420
-1.238806 -0.279210 1.004105
-1.130143 -0.269480 -0.001421
-1.130002 -0.269221 1.001223
-0.754042 -0.180145 -0.000956
-0.753798 -0.179864 1.000764
-1.252963 -0.296032 0.046578
-1.252679 -0.295684 0.149329
-1.252619 -0.295630 0.246468
-1.252610 -0.295622 0.345838
-1.252608 -0.295622 0.444367
-1.252608 -0.295622 0.543292
-1.252610 -0.295622 0.641796
-1.252621 -0.295633 0.741249
-1.252696 -0.295706 0.838162
-1.253157 -0.296276 0.941786
-1.292877 -0.193450 -0.004867
-1.292987 -0.193475 1.004586
-1.187700 -0.181202 -0.002387
-1.187502 -0.181149 1.002177
-0.790571 -0.120611 -0.000409
-0.790253 -0.120485 1.000301
-1.314366 -0.199365 0.046702
-1.313980 -0.199231 0.149286
-1.313911 -0.199203 0.246487
-1.313900 -0.199202 0.345829
-1.313899 -0.199203 0.444371
-1.313899 -0.199203 0.543288
-1.313901 -0.199202 0.641804
-1.313915 -0.199203 0.741233
-1.314008 -0.199237 0.838200
-1.314659 -0.199447 0.941673
-1.302797 -0.086286 -0.004735
-1.302918 -0.086278 1.004441
-1.197485 -0.076183 -0.002310
-1.197293 -0.076191 1.002117
-0.795091 -0.050922 -0.000011
-0.794881 -0.050936 1.000003
-1.325021 -0.085047 0.046650
-1.324594 -0.085076 0.149282
-1.324520 -0.085085 0.246489
-1.324510 -0.085089 0.345824
-1.324509 -0.085090 0.444373
-1.324509 -0.085090 0.543286
-1.324511 -0.085089 0.641808
-1.324524 -0.085086 0.741232
-1.324622 -0.085075 0.838202
-1.325329 -0.085027 0.941724
-1.285794 0.024063 -0.004554
-1.285927 0.024095 1.004242
-1.181355 0.027368 -0.002176
-1.181162 0.027324 1.001986
-0.783201 0.017211 -0.000061
-0.783101 0.017189 1.000075
-1.307405 0.029154 0.046591
-1.306966 0.029058 0.149286
-1.306893 0.029041 0.246487
-1.306883 0.029038 0.345822
-1.306882 0.029037 0.444373
-1.306882 0.029037 0.543286
-1.306883 0.029038 0.641809
-1.306897 0.029042 0.741234
-1.306993 0.029064 0.838198
-1.307709 0.029229 0.941780
-1.252819 0.131927 -0.004419
-1.252958 0.131979 1.004097
-1.150651 0.127368 -0.002102
-1.150457 0.127300 1.001911
-0.762124 0.083095 -0.000222
-0.762103 0.083084 1.000228
-1.273556 0.139722 0.046553
-1.273121 0.139562 0.149293
-1.273051 0.139535 0.246484
-1.273041 0.139530 0.345822
-1.273040 0.139529 0.444372
-1.273040 0.139529 0.543287
-1.273041 0.139530 0.641810
-1.273054 0.139536 0.741237
-1.273148 0.139572 0.838191
-1.273852 0.139834 0.941815
-1.207498 0.235580 -0.004312
-1.207638 0.235650 1.003983
-1.108676 0.223142 -0.002066
-1.108486 0.223049 1.001872
-0.733909 0.146142 -0.000385
-0.733941 0.146156 1.000373
-1.227214 0.245588 0.046525
-1.226794 0.245372 0.149299
-1.226726 0.245337 0.246481
-1.226716 0.245332 0.345822
-1.226715 0.245331 0.444372
-1.226715 0.245331 0.543287
-1.226717 0.245332 0.641809
-1.226730 0.245339 0.741240
-1.226819 0.245385 0.838186
-1.227498 0.245732 0.941841
-1.150355 0.332705 -0.004193
-1.150491 0.332799 1.003858
-1.055517 0.313256 -0.002016
-1.055334 0.313135 1.001820
-0.698619 0.205400 -0.000501
-0.698683 0.205442 1.000472
-1.168549 0.345179 0.046494
-1.168149 0.344907 0.149306
-1.168085 0.344863 0.246478
-1.168076 0.344857 0.345823
-1.168075 0.344856 0.444371
-1.168075 0.344856 0.543288
-1.168077 0.344857 0.641808
-1.168088 0.344866 0.741243
-1.168172 0.344923 0.838180
-1.168812 0.345361 0.941869
-1.080499 0.420733 -0.004013
-1.080631 0.420856 1.003669
-0.990295 0.395132 -0.001927
-0.990125 0.394979 1.001729
-0.655666 0.259256 -0.000543
-0.655741 0.259324 1.000502
-1.096644 0.435652 0.046444
-1.096274 0.435312 0.149317
-1.096216 0.435259 0.246473
-1.096208 0.435251 0.345825
-1.096207 0.435250 0.444371
-1.096207 0.435250 0.543288
-1.096209 0.435251 0.641807
-1.096219 0.435261 0.741247
-1.096295 0.435331 0.838170
-1.096879 0.435872 0.941914
-0.998596 0.497535 -0.003784
-0.998720 0.497692 1.003428
-0.913731 0.466537 -0.001795
-0.913581 0.466350 1.001598
-0.605451 0.306389 -0.000496
-0.605517 0.306473 1.000455
-1.012255 0.514625 0.046378
-1.011924 0.514215 0.149331
-1.011873 0.514152 0.246466
-1.011866 0.514143 0.345827
-1.011865 0.514142 0.444370
-1.011865 0.514142 0.543289
-1.011866 0.514143 0.641805
-1.011876 0.514155 0.741253
-1.011942 0.514237 0.838157
-1.012457 0.514880 0.941973
-0.906041 0.560583 -0.003491
-0.906149 0.560782 1.003126
-0.826925 0.525135 -0.001590
-0.826809 0.524911 1.001400
-0.548688 0.345381 -0.000359
-0.548727 0.345455 1.000332
-0.916658 0.579546 0.046292
-0.916380 0.579060 0.149351
-0.916338 0.578988 0.246458
-0.916333 0.578977 0.345830
-0.916332 0.578976 0.444368
-0.916332 0.578976 0.543290
-0.916333 0.578977 0.641802
-0.916340 0.578991 0.741260
-0.916394 0.579085 0.838140
-0.916815 0.579835 0.942048
-0.804393 0.606761 -0.003100
-0.804472 0.607010 1.002728
-0.731247 0.567817 -0.001280
-0.731188 0.567565 1.001113
-0.486175 0.374407 -0.000160
-0.486175 0.374416 1.000158
-0.811339 0.627124 0.046171
-0.811127 0.626553 0.149379
-0.811096 0.626472 0.246447
-0.811092 0.626460 0.345834
-0.811091 0.626459 0.444367
-0.811091 0.626459 0.543292
-0.811092 0.626460 0.641799
-0.811097 0.626476 0.741269
-0.811136 0.626580 0.838116
-0.811440 0.627441 0.942154
-0.696132 0.633688 -0.002619
-0.696164 0.633991 1.002249
-0.629309 0.592015 -0.000860
-0.629340 0.591775 1.000740
-0.419341 0.392014 -0.000008
-0.419323 0.391879 1.000015
-0.699134 0.654685 0.046011
-0.699013 0.654019 0.149414
-0.698996 0.653928 0.246434
-0.698994 0.653915 0.345839
-0.698993 0.653914 0.444365
-0.698993 0.653914 0.543294
-0.698994 0.653916 0.641795
-0.698996 0.653932 0.741280
-0.699017 0.654047 0.838086
-0.699170 0.655019 0.942289
-0.584805 0.639761 -0.002096
-0.584764 0.640111 1.001742
-0.524613 0.595925 -0.000366
-0.524759 0.595826 1.000324
-0.350122 0.397046 -0.000103
-0.350148 0.396739 1.000058
-0.583720 0.660551 0.045823
-0.583700 0.659787 0.149454
-0.583697 0.659689 0.246421
-0.583698 0.659674 0.345844
-0.583697 0.659673 0.444363
-0.583697 0.659673 0.543296
-0.583698 0.659675 0.641790
-0.583697 0.659693 0.741291
-0.583697 0.659816 0.838051
-0.583676 0.660883 0.942445
-0.474276 0.624384 -0.001702
-0.474161 0.624768 1.001361
-0.421569 0.578755 -0.000055
-0.421691 0.579007 1.000041
-0.280911 0.388600 -0.000509
-0.281020 0.388213 1.000366
-0.469333 0.644248 0.045671
-0.469440 0.643413 0.149482
-0.469457 0.643311 0.246414
-0.469459 0.643297 0.345847
-0.469459 0.643295 0.444362
-0.469459 0.643295 0.543297
-0.469459 0.643297 0.641786
-0.469455 0.643315 0.741299
-0.469431 0.643441 0.838022
-0.469214 0.644561 0.942571
-0.368369 0.587890 -0.001737
-0.368216 0.588303 1.001364
-0.324923 0.542458 -0.000525
-0.324751 0.542892 1.000358
-0.214702 0.366843 -0.000980
-0.214865 0.366466 1.000762
-0.359947 0.606589 0.045694
-0.360252 0.605820 0.149469
-0.360296 0.605729 0.246423
-0.360300 0.605715 0.345846
-0.360301 0.605714 0.444362
-0.360301 0.605714 0.543297
-0.360300 0.605716 0.641786
-0.360293 0.605733 0.741298
-0.360241 0.605851 0.838017
-0.359799 0.606901 0.942569
-0.270025 0.533264 -0.002357
-0.269845 0.533636 1.001916
-0.236047 0.491732 -0.001583
-0.235714 0.492036 1.001247
-0.153024 0.333636 -0.001311
-0.153253 0.333314 1.001056
-0.258440 0.550824 0.045930
-0.258963 0.550306 0.149421
-0.259029 0.550236 0.246442
-0.259035 0.550225 0.345840
-0.259037 0.550224 0.444364
-0.259037 0.550224 0.543296
-0.259035 0.550226 0.641787
-0.259025 0.550240 0.741293
-0.258949 0.550342 0.838032
-0.258289 0.551169 0.942415
-0.180529 0.464789 -0.002992
-0.180333 0.465071 1.002532
-0.154474 0.429330 -0.002248
-0.154146 0.429509 1.001876
-0.097340 0.291172 -0.001201
-0.097590 0.290920 1.000981
-0.166171 0.480766 0.046116
-0.166892 0.480535 0.149401
-0.166966 0.480478 0.246446
-0.166975 0.480470 0.345837
-0.166976 0.480469 0.444364
-0.166976 0.480469 0.543296
-0.166975 0.480471 0.641787
-0.166962 0.480483 0.741296
-0.166872 0.480574 0.838029
-0.166018 0.481156 0.942309
-0.099326 0.386108 -0.002948
-0.099105 0.386346 1.002515
-0.080128 0.357474 -0.002252
-0.079801 0.357597 1.001898
-0.047780 0.242989 -0.001154
-0.048003 0.242694 1.000932
-0.083038 0.400141 0.046031
-0.083946 0.400098 0.149443
-0.084031 0.400047 0.246426
-0.084046 0.400043 0.345842
-0.084047 0.400042 0.444362
-0.084047 0.400042 0.543298
-0.084046 0.400044 0.641783
-0.084028 0.400053 0.741314
-0.083922 0.400135 0.837990
-0.082892 0.400582 0.942408
-0.025565 0.299755 -0.002489
-0.025300 0.299980 1.002092
-0.012744 0.278548 -0.001990
-0.012397 0.278648 1.001656
-0.002389 0.189522 -0.001157
-0.002719 0.189330 1.000929
-0.008187 0.311976 0.045794
-0.009222 0.311996 0.149511
-0.009302 0.311924 0.246400
-0.009313 0.311913 0.345849
-0.009314 0.311912 0.444359
-0.009314 0.311912 0.543300
-0.009313 0.311914 0.641778
-0.009298 0.311927 0.741332
-0.009192 0.312022 0.837945
-0.008046 0.312444 0.942593
0.041784 0.207898 -0.001954
0.042102 0.208088 1.001605
0.048574 0.194627 -0.001690
0.048939 0.194739 1.001374
0.038289 0.132574 -0.000885
0.038003 0.132445 1.000724
0.059631 0.218537 0.045625
0.058676 0.218386 0.149521
0.058550 0.218377 0.246395
0.058533 0.218374 0.345851
0.058532 0.218373 0.444359
0.058532 0.218373 0.543300
0.058534 0.218374 0.641778
0.058552 0.218383 0.741329
0.058694 0.218424 0.837954
0.059840 0.218897 0.942685
0.103016 0.112563 -0.001896
0.103401 0.112625 1.001541
0.103949 0.108200 -0.001763
0.104349 0.108227 1.001421
0.074382 0.074885 -0.000665
0.074207 0.074580 1.000520
0.120925 0.122391 0.045672
0.120640 0.121073 0.149488
0.120613 0.120914 0.246405
0.120607 0.120895 0.345850
0.120607 0.120893 0.444360
0.120607 0.120893 0.543299
0.120608 0.120895 0.641782
0.120619 0.120913 0.741313
0.120692 0.121047 0.838003
0.121348 0.122276 0.942589
0.161137 0.010013 -0.001918
0.161426 0.010263 1.001564
0.156662 0.015193 -0.001779
0.156923 0.015487 1.001440
0.109580 0.012750 -0.000603
0.109253 0.012778 1.000476
0.178954 0.020317 0.045701
0.177935 0.020409 0.149496
0.177792 0.020451 0.246401
0.177773 0.020455 0.345853
0.177771 0.020454 0.444359
0.177771 0.020454 0.543300
0.177773 0.020455 0.641779
0.177794 0.020457 0.741317
0.177942 0.020462 0.837994
0.179189 0.020605 0.942580
0.213683 -0.091337 -0.001835
0.214027 -0.091168 1.001491
0.204314 -0.076399 -0.001582
0.204591 -0.076130 1.001276
0.141320 -0.047229 -0.000804
0.141094 -0.047446 1.000655
0.231727 -0.081130 0.045521
0.231120 -0.082003 0.149566
0.231040 -0.082104 0.246379
0.231028 -0.082116 0.345861
0.231027 -0.082119 0.444356
0.231027 -0.082119 0.543303
0.231028 -0.082116 0.641769
0.231046 -0.082105 0.741345
0.231161 -0.082002 0.837910
0.232183 -0.081181 0.942794
0.263382 -0.194729 -0.002069
0.263756 -0.194598 1.001682
0.249421 -0.170059 -0.001712
0.249698 -0.169788 1.001390
0.172182 -0.110251 -0.000959
0.171826 -0.110430 1.000750
0.282019 -0.185118 0.045569
0.281478 -0.186109 0.149595
0.281367 -0.186158 0.246367
0.281350 -0.186163 0.345865
0.281349 -0.186164 0.444354
0.281349 -0.186164 0.543306
0.281351 -0.186163 0.641761
0.281372 -0.186155 0.741367
0.281517 -0.186090 0.837855
0.282542 -0.185215 0.942825
0.311051 -0.299477 -0.002213
0.311421 -0.299343 1.001805
0.292530 -0.264482 -0.001687
0.292811 -0.264250 1.001384
0.200784 -0.173635 -0.000801
0.200440 -0.173706 1.000635
0.330057 -0.290435 0.045646
0.329473 -0.291229 0.149581
0.329369 -0.291286 0.246372
0.329355 -0.291297 0.345866
0.329353 -0.291298 0.444354
0.329353 -0.291298 0.543307
0.329355 -0.291296 0.641757
0.329375 -0.291285 0.741372
0.329520 -0.291214 0.837842
0.330577 -0.290442 0.942802
0.357020 -0.405080 -0.002291
0.357381 -0.404934 1.001874
0.333904 -0.359571 -0.001727
0.334212 -0.359391 1.001422
0.228480 -0.236598 -0.000914
0.228167 -0.236812 1.000722
0.376372 -0.396765 0.045707
0.375670 -0.397183 0.149563
0.375565 -0.397232 0.246380
0.375551 -0.397241 0.345865
0.375549 -0.397242 0.444355
0.375549 -0.397242 0.543306
0.375552 -0.397241 0.641757
0.375571 -0.397230 0.741368
0.375718 -0.397165 0.837849
0.376836 -0.396610 0.942760
0.401633 -0.511291 -0.002359
0.401987 -0.511135 1.001936
0.374090 -0.455075 -0.001706
0.374425 -0.454957 1.001405
0.255701 -0.301095 -0.000954
0.255307 -0.301218 1.000739
0.421305 -0.503613 0.045738
0.420488 -0.503727 0.149555
0.420382 -0.503768 0.246386
0.420367 -0.503774 0.345865
0.420365 -0.503775 0.444355
0.420365 -0.503775 0.543306
0.420367 -0.503774 0.641758
0.420387 -0.503765 0.741359
0.420533 -0.503707 0.837866
0.421699 -0.503335 0.942715
0.445329 -0.617713 -0.002271
0.445693 -0.617571 1.001860
0.413383 -0.550935 -0.001687
0.413749 -0.550877 1.001381
0.281649 -0.365056 -0.000829
0.281302 -0.365203 1.000648
0.465130 -0.610600 0.045712
0.464278 -0.610660 0.149559
0.464177 -0.610720 0.246390
0.464166 -0.610734 0.345866
0.464165 -0.610736 0.444355
0.464165 -0.610736 0.543305
0.464167 -0.610735 0.641760
0.464183 -0.610720 0.741347
0.464320 -0.610651 0.837887
0.465482 -0.610312 0.942688
0.488387 -0.723956 -0.002024
0.488799 -0.723891 1.001627
0.452052 -0.647046 -0.001651
0.452455 -0.647034 1.001329
0.307707 -0.429344 -0.000947
0.307322 -0.429511 1.000731
0.508121 -0.717629 0.045635
0.507361 -0.718012 0.149552
0.507232 -0.718000 0.246394
0.507214 -0.717996 0.345868
0.507213 -0.717996 0.444354
0.507213 -0.717996 0.543306
0.507215 -0.717996 0.641763
0.507235 -0.717992 0.741332
0.507387 -0.717977 0.837919
0.508488 -0.717493 0.942688
0.531291 -0.829495 -0.001630
0.531788 -0.829651 1.001223
0.490349 -0.743076 -0.001409
0.490792 -0.743127 1.001096
0.332952 -0.494295 -0.000791
0.332591 -0.494411 1.000614
0.550182 -0.823410 0.045365
0.549608 -0.825266 0.149616
0.549567 -0.825514 0.246374
0.549557 -0.825535 0.345877
0.549557 -0.825539 0.444350
0.549557 -0.825538 0.543308
0.549558 -0.825536 0.641760
0.549573 -0.825519 0.741334
0.549665 -0.825342 0.837907
0.550570 -0.823853 0.942822
0.576175 -0.942304 -0.001019
0.576316 -0.941791 1.000723
0.528278 -0.837993 -0.001368
0.528763 -0.838285 1.000989
0.357650 -0.558568 -0.000754
0.357301 -0.558747 1.000579
0.593261 -0.934424 0.044941
0.591358 -0.933528 0.149692
0.591154 -0.933394 0.246353
0.591131 -0.933383 0.345885
0.591128 -0.933382 0.444346
0.591128 -0.933382 0.543312
0.591131 -0.933382 0.641753
0.591155 -0.933386 0.741350
0.591347 -0.933440 0.837856
0.593166 -0.933853 0.943091
0.614498 -1.049932 -0.001779
0.614819 -1.049635 1.001406
0.568683 -0.940856 -0.000877
0.568681 -0.940285 1.000598
0.382329 -0.623865 -0.000751
0.381956 -0.623969 1.000579
0.632953 -1.041238 0.045559
0.632068 -1.041375 0.149605
0.631976 -1.041482 0.246378
0.631968 -1.041506 0.345880
0.631966 -1.041506 0.444345
0.631966 -1.041507 0.543315
0.631969 -1.041505 0.641748
0.631984 -1.041488 0.741352
0.632110 -1.041386 0.837876
0.633241 -1.041002 0.942698
0.652715 -1.158377 -0.003853
0.652934 -1.158254 1.003405
0.602699 -1.038068 -0.001132
0.602939 -1.037650 1.000848
0.405931 -0.689045 -0.000516
0.405613 -0.689167 1.000393
0.672809 -1.149687 0.046294
0.672296 -1.149846 0.149521
0.672188 -1.149865 0.246400
0.672173 -1.149866 0.345878
0.672170 -1.149865 0.444343
0.672171 -1.149865 0.543320
0.672173 -1.149864 0.641741
0.672194 -1.149861 0.741359
0.672338 -1.149826 0.837901
0.673160 -1.149542 0.942133
0.691829 -1.266390 -0.004493
0.691989 -1.266327 1.004109
0.636132 -1.136379 -0.003045
0.636383 -1.136165 1.002615
0.429462 -0.753725 -0.000475
0.429136 -0.753903 1.000350
0.712417 -1.258252 0.046565
0.712005 -1.258363 0.149517
0.711909 -1.258405 0.246383
0.711895 -1.258412 0.345890
0.711893 -1.258414 0.444335
0.711894 -1.258414 0.543330
0.711896 -1.258412 0.641723
0.711917 -1.258403 0.741390
0.712056 -1.258348 0.837875
0.712770 -1.258115 0.941921
0.730914 -1.374356 -0.004383
0.731075 -1.374304 1.004017
0.670295 -1.233498 -0.004066
0.670489 -1.233396 1.003660
0.452991 -0.819894 -0.000349
0.452636 -0.819933 1.000248
0.751672 -1.366812 0.046573
0.751323 -1.367042 0.149598
0.751216 -1.367086 0.246331
0.751198 -1.367089 0.345916
0.751196 -1.367090 0.444320
0.751196 -1.367090 0.543345
0.751199 -1.367088 0.641696
0.751225 -1.367082 0.741445
0.751377 -1.367025 0.837791
0.752044 -1.366708 0.941926
0.769700 -1.482273 -0.003907
0.769894 -1.482220 1.003537
0.705004 -1.330899 -0.003985
0.705182 -1.330812 1.003626
0.474118 -0.884964 -0.000024
0.474109 -0.885092 1.000015
0.790483 -1.475508 0.046433
0.790175 -1.475950 0.149737
0.790050 -1.476007 0.246254
0.790028 -1.476014 0.345950
0.790026 -1.476018 0.444302
0.790026 -1.476017 0.543362
0.790030 -1.476015 0.641665
0.790059 -1.476003 0.741511
0.790230 -1.475940 0.837678
0.790875 -1.475466 0.942036
0.807624 -1.590240 -0.003388
0.807841 -1.590209 1.003049
0.739096 -1.428602 -0.003527
0.739304 -1.428528 1.003183
0.496962 -0.951608 -0.000022
0.496901 -0.951504 1.000014
0.828217 -1.584109 0.046252
0.827978 -1.585034 0.149914
0.827829 -1.585115 0.246164
0.827800 -1.585118 0.345986
0.827795 -1.585118 0.444284
0.827795 -1.585117 0.543378
0.827801 -1.585118 0.641637
0.827836 -1.585107 0.741579
0.828025 -1.585028 0.837554
0.828613 -1.584175 0.942155
0.844419 -1.702497 -0.003327
0.844635 -1.702482 1.003027
0.771853 -1.526500 -0.002665
0.772127 -1.526479 1.002350
0.519200 -1.015890 -0.000136
0.519048 -1.016054 1.000097
0.864837 -1.695810 0.046230
0.864122 -1.695258 0.150079
0.863945 -1.695351 0.246093
0.863922 -1.695389 0.346009
0.863920 -1.695396 0.444277
0.863920 -1.695396 0.543384
0.863924 -1.695391 0.641622
0.863954 -1.695355 0.741627
0.864164 -1.695270 0.837442
0.865146 -1.695566 0.942196
0.877306 -1.808888 -0.002809
0.877420 -1.808701 1.002677
0.802491 -1.623932 -0.002046
0.802770 -1.624044 1.001775
0.540780 -1.084466 -0.000484
0.540470 -1.084381 1.000375
0.897617 -1.803555 0.046057
0.897094 -1.804100 0.150025
0.896886 -1.803928 0.246196
0.896859 -1.803913 0.345950
0.896853 -1.803885 0.444317
0.896853 -1.803883 0.543341
0.896859 -1.803907 0.641691
0.896889 -1.803907 0.741500
0.897111 -1.804062 0.837549
0.898005 -1.803497 0.942349
