3
1024
0.862782 -1.829257 0.000000 0.000000 0.000000 -1.000000 0.010000
0.862782 -1.829257 1.000000 0.000000 0.000000 1.000000 0.010000
0.764815 -1.653085 0.000000 0.000000 0.000000 -1.000000 0.010000
0.764815 -1.653085 1.000000 0.000000 0.000000 1.000000 0.010000
0.509876 -1.102057 0.000000 0.000000 0.000000 -1.000000 0.010000
0.509876 -1.102057 1.000000 0.000000 0.000000 1.000000 0.010000
0.849794 -1.836761 0.049383 -0.865889 -0.500237 0.000000 0.010000
0.849794 -1.836761 0.148148 -0.865889 -0.500237 0.000000 0.010000
0.849794 -1.836761 0.246914 -0.865889 -0.500237 0.000000 0.010000
0.849794 -1.836761 0.345679 -0.865889 -0.500237 0.000000 0.010000
0.849794 -1.836761 0.444444 -0.865889 -0.500237 0.000000 0.010000
0.849794 -1.836761 0.543210 -0.865889 -0.500237 0.000000 0.010000
0.849794 -1.836761 0.641975 -0.865889 -0.500237 0.000000 0.010000
0.849794 -1.836761 0.740741 -0.865889 -0.500237 0.000000 0.010000
0.849794 -1.836761 0.839506 -0.865889 -0.500237 0.000000 0.010000
0.849794 -1.836761 0.938272 -0.865889 -0.500237 0.000000 0.010000
0.805789 -1.728995 0.000000 0.000000 0.000000 -1.000000 0.010000
0.805789 -1.728995 1.000000 0.000000 0.000000 1.000000 0.010000
0.713412 -1.562657 0.000000 0.000000 0.000000 -1.000000 0.010000
0.713412 -1.562657 1.000000 0.000000 0.000000 1.000000 0.010000
0.475608 -1.041771 0.000000 0.000000 0.000000 -1.000000 0.010000
0.475608 -1.041771 1.000000 0.000000 0.000000 1.000000 0.010000
0.792680 -1.736285 0.049383 -0.873949 -0.486018 0.000000 0.010000
0.792680 -1.736285 0.148148 -0.873949 -0.486018 0.000000 0.010000
0.792680 -1.736285 0.246914 -0.873949 -0.486018 0.000000 0.010000
0.792680 -1.736285 0.345679 -0.873949 -0.486018 0.000000 0.010000
0.792680 -1.736285 0.444444 -0.873949 -0.486018 0.000000 0.010000
0.792680 -1.736285 0.543210 -0.873949 -0.486018 0.000000 0.010000
0.792680 -1.736285 0.641975 -0.873949 -0.486018 0.000000 0.010000
0.792680 -1.736285 0.740741 -0.873949 -0.486018 0.000000 0.010000
0.792680 -1.736285 0.839506 -0.873949 -0.486018 0.000000 0.010000
0.792680 -1.736285 0.938272 -0.873949 -0.486018 0.000000 0.010000
0.750452 -1.627754 0.000000 0.000000 0.000000 -1.000000 0.010000
0.750452 -1.627754 1.000000 0.000000 0.000000 1.000000 0.010000
0.663522 -1.471383 0.000000 0.000000 0.000000 -1.000000 0.010000
0.663522 -1.471383 1.000000 0.000000 0.000000 1.000000 0.010000
0.442348 -0.980922 0.000000 0.000000 0.000000 -1.000000 0.010000
0.442348 -0.980922 1.000000 0.000000 0.000000 1.000000 0.010000
0.737247 -1.634870 0.049383 -0.880315 -0.474390 0.000000 0.010000
0.737247 -1.634870 0.148148 -0.880315 -0.474390 0.000000 0.010000
0.737247 -1.634870 0.246914 -0.880315 -0.474390 0.000000 0.010000
0.737247 -1.634870 0.345679 -0.880315 -0.474390 0.000000 0.010000
0.737247 -1.634870 0.444444 -0.880315 -0.474390 0.000000 0.010000
0.737247 -1.634870 0.543210 -0.880315 -0.474390 0.000000 0.010000
0.737247 -1.634870 0.641975 -0.880315 -0.474390 0.000000 0.010000
0.737247 -1.634870 0.740741 -0.880315 -0.474390 0.000000 0.010000
0.737247 -1.634870 0.839506 -0.880315 -0.474390 0.000000 0.010000
0.737247 -1.634870 0.938272 -0.880315 -0.474390 0.000000 0.010000
0.696010 -1.525899 0.000000 0.000000 0.000000 -1.000000 0.010000
0.696010 -1.525899 1.000000 0.000000 0.000000 1.000000 0.010000
0.614488 -1.379646 0.000000 0.000000 0.000000 -1.000000 0.010000
0.614488 -1.379646 1.000000 0.000000 0.000000 1.000000 0.010000
0.409659 -0.919764 0.000000 0.000000 0.000000 -1.000000 0.010000
0.409659 -0.919764 1.000000 0.000000 0.000000 1.000000 0.010000
0.682765 -1.532940 0.049383 -0.882986 -0.469400 0.000000 0.010000
0.682765 -1.532940 0.148148 -0.882986 -0.469400 0.000000 0.010000
0.682765 -1.532940 0.246914 -0.882986 -0.469400 0.000000 0.010000
0.682765 -1.532940 0.345679 -0.882986 -0.469400 0.000000 0.010000
0.682765 -1.532940 0.444444 -0.882986 -0.469400 0.000000 0.010000
0.682765 -1.532940 0.543210 -0.882986 -0.469400 0.000000 0.010000
0.682765 -1.532940 0.641975 -0.882986 -0.469400 0.000000 0.010000
0.682765 -1.532940 0.740741 -0.882986 -0.469400 0.000000 0.010000
0.682765 -1.532940 0.839506 -0.882986 -0.469400 0.000000 0.010000
0.682765 -1.532940 0.938272 -0.882986 -0.469400 0.000000 0.010000
0.641752 -1.423832 0.000000 0.000000 0.000000 -1.000000 0.010000
0.641752 -1.423832 1.000000 0.000000 0.000000 1.000000 0.010000
0.565664 -1.287798 0.000000 0.000000 0.000000 -1.000000 0.010000
0.565664 -1.287798 1.000000 0.000000 0.000000 1.000000 0.010000
0.377109 -0.858532 0.000000 0.000000 0.000000 -1.000000 0.010000
0.377109 -0.858532 1.000000 0.000000 0.000000 1.000000 0.010000
0.628515 -1.430887 0.049383 -0.882479 -0.470351 0.000000 0.010000
0.628515 -1.430887 0.148148 -0.882479 -0.470351 0.000000 0.010000
0.628515 -1.430887 0.246914 -0.882479 -0.470351 0.000000 0.010000
0.628515 -1.430887 0.345679 -0.882479 -0.470351 0.000000 0.010000
0.628515 -1.430887 0.444444 -0.882479 -0.470351 0.000000 0.010000
0.628515 -1.430887 0.543210 -0.882479 -0.470351 0.000000 0.010000
0.628515 -1.430887 0.641975 -0.882479 -0.470351 0.000000 0.010000
0.628515 -1.430887 0.740741 -0.882479 -0.470351 0.000000 0.010000
0.628515 -1.430887 0.839506 -0.882479 -0.470351 0.000000 0.010000
0.628515 -1.430887 0.938272 -0.882479 -0.470351 0.000000 0.010000
0.586977 -1.321917 0.000000 0.000000 0.000000 -1.000000 0.010000
0.586977 -1.321917 1.000000 0.000000 0.000000 1.000000 0.010000
0.516419 -1.196175 0.000000 0.000000 0.000000 -1.000000 0.010000
0.516419 -1.196175 1.000000 0.000000 0.000000 1.000000 0.010000
0.344279 -0.797450 0.000000 0.000000 0.000000 -1.000000 0.010000
0.344279 -0.797450 1.000000 0.000000 0.000000 1.000000 0.010000
0.573799 -1.329083 0.049383 -0.878512 -0.477720 0.000000 0.010000
0.573799 -1.329083 0.148148 -0.878512 -0.477720 0.000000 0.010000
0.573799 -1.329083 0.246914 -0.878512 -0.477720 0.000000 0.010000
0.573799 -1.329083 0.345679 -0.878512 -0.477720 0.000000 0.010000
0.573799 -1.329083 0.444444 -0.878512 -0.477720 0.000000 0.010000
0.573799 -1.329083 0.543210 -0.878512 -0.477720 0.000000 0.010000
0.573799 -1.329083 0.641975 -0.878512 -0.477720 0.000000 0.010000
0.573799 -1.329083 0.740741 -0.878512 -0.477720 0.000000 0.010000
0.573799 -1.329083 0.839506 -0.878512 -0.477720 0.000000 0.010000
0.573799 -1.329083 0.938272 -0.878512 -0.477720 0.000000 0.010000
0.530859 -1.220591 0.000000 0.000000 0.000000 -1.000000 0.010000
0.530859 -1.220591 1.000000 0.000000 0.000000 1.000000 0.010000
0.466024 -1.105180 0.000000 0.000000 0.000000 -1.000000 0.010000
0.466024 -1.105180 1.000000 0.000000 0.000000 1.000000 0.010000
0.310682 -0.736787 0.000000 0.000000 0.000000 -1.000000 0.010000
0.310682 -0.736787 1.000000 0.000000 0.000000 1.000000 0.010000
0.517804 -1.227978 0.049383 -0.870341 -0.492449 0.000000 0.010000
0.517804 -1.227978 0.148148 -0.870341 -0.492449 0.000000 0.010000
0.517804 -1.227978 0.246914 -0.870341 -0.492449 0.000000 0.010000
0.517804 -1.227978 0.345679 -0.870341 -0.492449 0.000000 0.010000
0.517804 -1.227978 0.444444 -0.870341 -0.492449 0.000000 0.010000
0.517804 -1.227978 0.543210 -0.870341 -0.492449 0.000000 0.010000
0.517804 -1.227978 0.641975 -0.870341 -0.492449 0.000000 0.010000
0.517804 -1.227978 0.740741 -0.870341 -0.492449 0.000000 0.010000
0.517804 -1.227978 0.839506 -0.870341 -0.492449 0.000000 0.010000
0.517804 -1.227978 0.938272 -0.870341 -0.492449 0.000000 0.010000
0.472578 -1.120360 0.000000 0.000000 0.000000 -1.000000 0.010000
0.472578 -1.120360 1.000000 0.000000 0.000000 1.000000 0.010000
0.413738 -1.015260 0.000000 0.000000 0.000000 -1.000000 0.010000
0.413738 -1.015260 1.000000 0.000000 0.000000 1.000000 0.010000
0.275825 -0.676840 0.000000 0.000000 0.000000 -1.000000 0.010000
0.275825 -0.676840 1.000000 0.000000 0.000000 1.000000 0.010000
0.459709 -1.128067 0.049383 -0.857921 -0.513781 0.000000 0.010000
0.459709 -1.128067 0.148148 -0.857921 -0.513781 0.000000 0.010000
0.459709 -1.128067 0.246914 -0.857921 -0.513781 0.000000 0.010000
0.459709 -1.128067 0.345679 -0.857921 -0.513781 0.000000 0.010000
0.459709 -1.128067 0.444444 -0.857921 -0.513781 0.000000 0.010000
0.459709 -1.128067 0.543210 -0.857921 -0.513781 0.000000 0.010000
0.459709 -1.128067 0.641975 -0.857921 -0.513781 0.000000 0.010000
0.459709 -1.128067 0.740741 -0.857921 -0.513781 0.000000 0.010000
0.459709 -1.128067 0.839506 -0.857921 -0.513781 0.000000 0.010000
0.459709 -1.128067 0.938272 -0.857921 -0.513781 0.000000 0.010000
0.411465 -1.021716 0.000000 0.000000 0.000000 -1.000000 0.010000
0.411465 -1.021716 1.000000 0.000000 0.000000 1.000000 0.010000
0.358959 -0.926839 0.000000 0.000000 0.000000 -1.000000 0.010000
0.358959 -0.926839 1.000000 0.000000 0.000000 1.000000 0.010000
0.239306 -0.617893 0.000000 0.000000 0.000000 -1.000000 0.010000
0.239306 -0.617893 1.000000 0.000000 0.000000 1.000000 0.010000
0.398843 -1.029821 0.049383 -0.841460 -0.540319 0.000000 0.010000
0.398843 -1.029821 0.148148 -0.841460 -0.540319 0.000000 0.010000
0.398843 -1.029821 0.246914 -0.841460 -0.540319 0.000000 0.010000
0.398843 -1.029821 0.345679 -0.841460 -0.540319 0.000000 0.010000
0.398843 -1.029821 0.444444 -0.841460 -0.540319 0.000000 0.010000
0.398843 -1.029821 0.543210 -0.841460 -0.540319 0.000000 0.010000
0.398843 -1.029821 0.641975 -0.841460 -0.540319 0.000000 0.010000
0.398843 -1.029821 0.740741 -0.841460 -0.540319 0.000000 0.010000
0.398843 -1.029821 0.839506 -0.841460 -0.540319 0.000000 0.010000
0.398843 -1.029821 0.938272 -0.841460 -0.540319 0.000000 0.010000
0.346952 -0.925156 0.000000 0.000000 0.000000 -1.000000 0.010000
0.346952 -0.925156 1.000000 0.000000 0.000000 1.000000 0.010000
0.301176 -0.840353 0.000000 0.000000 0.000000 -1.000000 0.010000
0.301176 -0.840353 1.000000 0.000000 0.000000 1.000000 0.010000
0.200784 -0.560235 0.000000 0.000000 0.000000 -1.000000 0.010000
0.200784 -0.560235 1.000000 0.000000 0.000000 1.000000 0.010000
0.334640 -0.933725 0.049383 -0.820786 -0.571236 0.000000 0.010000
0.334640 -0.933725 0.148148 -0.820786 -0.571236 0.000000 0.010000
0.334640 -0.933725 0.246914 -0.820786 -0.571236 0.000000 0.010000
0.334640 -0.933725 0.345679 -0.820786 -0.571236 0.000000 0.010000
0.334640 -0.933725 0.444444 -0.820786 -0.571236 0.000000 0.010000
0.334640 -0.933725 0.543210 -0.820786 -0.571236 0.000000 0.010000
0.334640 -0.933725 0.641975 -0.820786 -0.571236 0.000000 0.010000
0.334640 -0.933725 0.740741 -0.820786 -0.571236 0.000000 0.010000
0.334640 -0.933725 0.839506 -0.820786 -0.571236 0.000000 0.010000
0.334640 -0.933725 0.938272 -0.820786 -0.571236 0.000000 0.010000
0.278630 -0.831168 0.000000 0.000000 0.000000 -1.000000 0.010000
0.278630 -0.831168 1.000000 0.000000 0.000000 1.000000 0.010000
0.240019 -0.756220 0.000000 0.000000 0.000000 -1.000000 0.010000
0.240019 -0.756220 1.000000 0.000000 0.000000 1.000000 0.010000
0.160013 -0.504146 0.000000 0.000000 0.000000 -1.000000 0.010000
0.160013 -0.504146 1.000000 0.000000 0.000000 1.000000 0.010000
0.266688 -0.840244 0.049383 -0.796166 -0.605078 0.000000 0.010000
0.266688 -0.840244 0.148148 -0.796166 -0.605078 0.000000 0.010000
0.266688 -0.840244 0.246914 -0.796166 -0.605078 0.000000 0.010000
0.266688 -0.840244 0.345679 -0.796166 -0.605078 0.000000 0.010000
0.266688 -0.840244 0.444444 -0.796166 -0.605078 0.000000 0.010000
0.266688 -0.840244 0.543210 -0.796166 -0.605078 0.000000 0.010000
0.266688 -0.840244 0.641975 -0.796166 -0.605078 0.000000 0.010000
0.266688 -0.840244 0.740741 -0.796166 -0.605078 0.000000 0.010000
0.266688 -0.840244 0.839506 -0.796166 -0.605078 0.000000 0.010000
0.266688 -0.840244 0.938272 -0.796166 -0.605078 0.000000 0.010000
0.206184 -0.740233 0.000000 0.000000 0.000000 -1.000000 0.010000
0.206184 -0.740233 1.000000 0.000000 0.000000 1.000000 0.010000
0.175209 -0.674870 0.000000 0.000000 0.000000 -1.000000 0.010000
0.175209 -0.674870 1.000000 0.000000 0.000000 1.000000 0.010000
0.116806 -0.449913 0.000000 0.000000 0.000000 -1.000000 0.010000
0.116806 -0.449913 1.000000 0.000000 0.000000 1.000000 0.010000
0.194677 -0.749855 0.049383 -0.767135 -0.641486 0.000000 0.010000
0.194677 -0.749855 0.148148 -0.767135 -0.641486 0.000000 0.010000
0.194677 -0.749855 0.246914 -0.767135 -0.641486 0.000000 0.010000
0.194677 -0.749855 0.345679 -0.767135 -0.641486 0.000000 0.010000
0.194677 -0.749855 0.444444 -0.767135 -0.641486 0.000000 0.010000
0.194677 -0.749855 0.543210 -0.767135 -0.641486 0.000000 0.010000
0.194677 -0.749855 0.641975 -0.767135 -0.641486 0.000000 0.010000
0.194677 -0.749855 0.740741 -0.767135 -0.641486 0.000000 0.010000
0.194677 -0.749855 0.839506 -0.767135 -0.641486 0.000000 0.010000
0.194677 -0.749855 0.938272 -0.767135 -0.641486 0.000000 0.010000
0.129287 -0.652919 0.000000 0.000000 0.000000 -1.000000 0.010000
0.129287 -0.652919 1.000000 0.000000 0.000000 1.000000 0.010000
0.106468 -0.596816 0.000000 0.000000 0.000000 -1.000000 0.010000
0.106468 -0.596816 1.000000 0.000000 0.000000 1.000000 0.010000
0.070979 -0.397877 0.000000 0.000000 0.000000 -1.000000 0.010000
0.070979 -0.397877 1.000000 0.000000 0.000000 1.000000 0.010000
0.118298 -0.663129 0.049383 -0.732615 -0.680643 0.000000 0.010000
0.118298 -0.663129 0.148148 -0.732615 -0.680643 0.000000 0.010000
0.118298 -0.663129 0.246914 -0.732615 -0.680643 0.000000 0.010000
0.118298 -0.663129 0.345679 -0.732615 -0.680643 0.000000 0.010000
0.118298 -0.663129 0.444444 -0.732615 -0.680643 0.000000 0.010000
0.118298 -0.663129 0.543210 -0.732615 -0.680643 0.000000 0.010000
0.118298 -0.663129 0.641975 -0.732615 -0.680643 0.000000 0.010000
0.118298 -0.663129 0.740741 -0.732615 -0.680643 0.000000 0.010000
0.118298 -0.663129 0.839506 -0.732615 -0.680643 0.000000 0.010000
0.118298 -0.663129 0.938272 -0.732615 -0.680643 0.000000 0.010000
0.047547 -0.569941 0.000000 0.000000 0.000000 -1.000000 0.010000
0.047547 -0.569941 1.000000 0.000000 0.000000 1.000000 0.010000
0.033482 -0.522723 0.000000 0.000000 0.000000 -1.000000 0.010000
0.033482 -0.522723 1.000000 0.000000 0.000000 1.000000 0.010000
0.022321 -0.348482 0.000000 0.000000 0.000000 -1.000000 0.010000
0.022321 -0.348482 1.000000 0.000000 0.000000 1.000000 0.010000
0.037202 -0.580803 0.049383 -0.689686 -0.724109 0.000000 0.010000
0.037202 -0.580803 0.148148 -0.689686 -0.724109 0.000000 0.010000
0.037202 -0.580803 0.246914 -0.689686 -0.724109 0.000000 0.010000
0.037202 -0.580803 0.345679 -0.689686 -0.724109 0.000000 0.010000
0.037202 -0.580803 0.444444 -0.689686 -0.724109 0.000000 0.010000
0.037202 -0.580803 0.543210 -0.689686 -0.724109 0.000000 0.010000
0.037202 -0.580803 0.641975 -0.689686 -0.724109 0.000000 0.010000
0.037202 -0.580803 0.740741 -0.689686 -0.724109 0.000000 0.010000
0.037202 -0.580803 0.839506 -0.689686 -0.724109 0.000000 0.010000
0.037202 -0.580803 0.938272 -0.689686 -0.724109 0.000000 0.010000
-0.040012 -0.492721 0.000000 0.000000 0.000000 -1.000000 0.010000
-0.040012 -0.492721 1.000000 0.000000 0.000000 1.000000 0.010000
-0.044512 -0.453937 0.000000 0.000000 0.000000 -1.000000 0.010000
-0.044512 -0.453937 1.000000 0.000000 0.000000 1.000000 0.010000
-0.029675 -0.302624 0.000000 0.000000 0.000000 -1.000000 0.010000
-0.029675 -0.302624 1.000000 0.000000 0.000000 1.000000 0.010000
-0.049458 -0.504374 0.049383 -0.629700 -0.776839 0.000000 0.010000
-0.049458 -0.504374 0.148148 -0.629700 -0.776839 0.000000 0.010000
-0.049458 -0.504374 0.246914 -0.629700 -0.776839 0.000000 0.010000
-0.049458 -0.504374 0.345679 -0.629700 -0.776839 0.000000 0.010000
-0.049458 -0.504374 0.444444 -0.629700 -0.776839 0.000000 0.010000
-0.049458 -0.504374 0.543210 -0.629700 -0.776839 0.000000 0.010000
-0.049458 -0.504374 0.641975 -0.629700 -0.776839 0.000000 0.010000
-0.049458 -0.504374 0.740741 -0.629700 -0.776839 0.000000 0.010000
-0.049458 -0.504374 0.839506 -0.629700 -0.776839 0.000000 0.010000
-0.049458 -0.504374 0.938272 -0.629700 -0.776839 0.000000 0.010000
-0.134325 -0.423472 0.000000 0.000000 0.000000 -1.000000 0.010000
-0.134325 -0.423472 1.000000 0.000000 0.000000 1.000000 0.010000
-0.128325 -0.392395 0.000000 0.000000 0.000000 -1.000000 0.010000
-0.128325 -0.392395 1.000000 0.000000 0.000000 1.000000 0.010000
-0.085550 -0.261596 0.000000 0.000000 0.000000 -1.000000 0.010000
-0.085550 -0.261596 1.000000 0.000000 0.000000 1.000000 0.010000
-0.142583 -0.435994 0.049383 -0.550521 -0.834821 0.000000 0.010000
-0.142583 -0.435994 0.148148 -0.550521 -0.834821 0.000000 0.010000
-0.142583 -0.435994 0.246914 -0.550521 -0.834821 0.000000 0.010000
-0.142583 -0.435994 0.345679 -0.550521 -0.834821 0.000000 0.010000
-0.142583 -0.435994 0.444444 -0.550521 -0.834821 0.000000 0.010000
-0.142583 -0.435994 0.543210 -0.550521 -0.834821 0.000000 0.010000
-0.142583 -0.435994 0.641975 -0.550521 -0.834821 0.000000 0.010000
-0.142583 -0.435994 0.740741 -0.550521 -0.834821 0.000000 0.010000
-0.142583 -0.435994 0.839506 -0.550521 -0.834821 0.000000 0.010000
-0.142583 -0.435994 0.938272 -0.550521 -0.834821 0.000000 0.010000
-0.235618 -0.364468 0.000000 0.000000 0.000000 -1.000000 0.010000
-0.235618 -0.364468 1.000000 0.000000 0.000000 1.000000 0.010000
-0.218160 -0.340063 0.000000 0.000000 0.000000 -1.000000 0.010000
-0.218160 -0.340063 1.000000 0.000000 0.000000 1.000000 0.010000
-0.145440 -0.226709 0.000000 0.000000 0.000000 -1.000000 0.010000
-0.145440 -0.226709 1.000000 0.000000 0.000000 1.000000 0.010000
-0.242400 -0.377848 0.049383 -0.452101 -0.891967 0.000000 0.010000
-0.242400 -0.377848 0.148148 -0.452101 -0.891967 0.000000 0.010000
-0.242400 -0.377848 0.246914 -0.452101 -0.891967 0.000000 0.010000
-0.242400 -0.377848 0.345679 -0.452101 -0.891967 0.000000 0.010000
-0.242400 -0.377848 0.444444 -0.452101 -0.891967 0.000000 0.010000
-0.242400 -0.377848 0.543210 -0.452101 -0.891967 0.000000 0.010000
-0.242400 -0.377848 0.641975 -0.452101 -0.891967 0.000000 0.010000
-0.242400 -0.377848 0.740741 -0.452101 -0.891967 0.000000 0.010000
-0.242400 -0.377848 0.839506 -0.452101 -0.891967 0.000000 0.010000
-0.242400 -0.377848 0.938272 -0.452101 -0.891967 0.000000 0.010000
-0.343568 -0.318191 0.000000 0.000000 0.000000 -1.000000 0.010000
-0.343568 -0.318191 1.000000 0.000000 0.000000 1.000000 0.010000
-0.313701 -0.299103 0.000000 0.000000 0.000000 -1.000000 0.010000
-0.313701 -0.299103 1.000000 0.000000 0.000000 1.000000 0.010000
-0.209134 -0.199402 0.000000 0.000000 0.000000 -1.000000 0.010000
-0.209134 -0.199402 1.000000 0.000000 0.000000 1.000000 0.010000
-0.348557 -0.332337 0.049383 -0.332586 -0.943073 0.000000 0.010000
-0.348557 -0.332337 0.148148 -0.332586 -0.943073 0.000000 0.010000
-0.348557 -0.332337 0.246914 -0.332586 -0.943073 0.000000 0.010000
-0.348557 -0.332337 0.345679 -0.332586 -0.943073 0.000000 0.010000
-0.348557 -0.332337 0.444444 -0.332586 -0.943073 0.000000 0.010000
-0.348557 -0.332337 0.543210 -0.332586 -0.943073 0.000000 0.010000
-0.348557 -0.332337 0.641975 -0.332586 -0.943073 0.000000 0.010000
-0.348557 -0.332337 0.740741 -0.332586 -0.943073 0.000000 0.010000
-0.348557 -0.332337 0.839506 -0.332586 -0.943073 0.000000 0.010000
-0.348557 -0.332337 0.938272 -0.332586 -0.943073 0.000000 0.010000
-0.456829 -0.286732 0.000000 0.000000 0.000000 -1.000000 0.010000
-0.456829 -0.286732 1.000000 0.000000 0.000000 1.000000 0.010000
-0.413852 -0.271284 0.000000 0.000000 0.000000 -1.000000 0.010000
-0.413852 -0.271284 1.000000 0.000000 0.000000 1.000000 0.010000
-0.275902 -0.180856 0.000000 0.000000 0.000000 -1.000000 0.010000
-0.275902 -0.180856 1.000000 0.000000 0.000000 1.000000 0.010000
-0.459836 -0.301427 0.049383 -0.200498 -0.979694 0.000000 0.010000
-0.459836 -0.301427 0.148148 -0.200498 -0.979694 0.000000 0.010000
-0.459836 -0.301427 0.246914 -0.200498 -0.979694 0.000000 0.010000
-0.459836 -0.301427 0.345679 -0.200498 -0.979694 0.000000 0.010000
-0.459836 -0.301427 0.444444 -0.200498 -0.979694 0.000000 0.010000
-0.459836 -0.301427 0.543210 -0.200498 -0.979694 0.000000 0.010000
-0.459836 -0.301427 0.641975 -0.200498 -0.979694 0.000000 0.010000
-0.459836 -0.301427 0.740741 -0.200498 -0.979694 0.000000 0.010000
-0.459836 -0.301427 0.839506 -0.200498 -0.979694 0.000000 0.010000
-0.459836 -0.301427 0.938272 -0.200498 -0.979694 0.000000 0.010000
-0.573361 -0.271275 0.000000 0.000000 0.000000 -1.000000 0.010000
-0.573361 -0.271275 1.000000 0.000000 0.000000 1.000000 0.010000
-0.516892 -0.257620 0.000000 0.000000 0.000000 -1.000000 0.010000
-0.516892 -0.257620 1.000000 0.000000 0.000000 1.000000 0.010000
-0.344595 -0.171746 0.000000 0.000000 0.000000 -1.000000 0.010000
-0.344595 -0.171746 1.000000 0.000000 0.000000 1.000000 0.010000
-0.574325 -0.286244 0.049383 -0.064246 -0.997934 0.000000 0.010000
-0.574325 -0.286244 0.148148 -0.064246 -0.997934 0.000000 0.010000
-0.574325 -0.286244 0.246914 -0.064246 -0.997934 0.000000 0.010000
-0.574325 -0.286244 0.345679 -0.064246 -0.997934 0.000000 0.010000
-0.574325 -0.286244 0.444444 -0.064246 -0.997934 0.000000 0.010000
-0.574325 -0.286244 0.543210 -0.064246 -0.997934 0.000000 0.010000
-0.574325 -0.286244 0.641975 -0.064246 -0.997934 0.000000 0.010000
-0.574325 -0.286244 0.740741 -0.064246 -0.997934 0.000000 0.010000
-0.574325 -0.286244 0.839506 -0.064246 -0.997934 0.000000 0.010000
-0.574325 -0.286244 0.938272 -0.064246 -0.997934 0.000000 0.010000
-0.690563 -0.270570 0.000000 0.000000 0.000000 -1.000000 0.010000
-0.690563 -0.270570 1.000000 0.000000 0.000000 1.000000 0.010000
-0.620859 -0.256998 0.000000 0.000000 0.000000 -1.000000 0.010000
-0.620859 -0.256998 1.000000 0.000000 0.000000 1.000000 0.010000
-0.413906 -0.171332 0.000000 0.000000 0.000000 -1.000000 0.010000
-0.413906 -0.171332 1.000000 0.000000 0.000000 1.000000 0.010000
-0.689843 -0.285553 0.049383 0.048017 -0.998847 0.000000 0.010000
-0.689843 -0.285553 0.148148 0.048017 -0.998847 0.000000 0.010000
-0.689843 -0.285553 0.246914 0.048017 -0.998847 0.000000 0.010000
-0.689843 -0.285553 0.345679 0.048017 -0.998847 0.000000 0.010000
-0.689843 -0.285553 0.444444 0.048017 -0.998847 0.000000 0.010000
-0.689843 -0.285553 0.543210 0.048017 -0.998847 0.000000 0.010000
-0.689843 -0.285553 0.641975 0.048017 -0.998847 0.000000 0.010000
-0.689843 -0.285553 0.740741 0.048017 -0.998847 0.000000 0.010000
-0.689843 -0.285553 0.839506 0.048017 -0.998847 0.000000 0.010000
-0.689843 -0.285553 0.938272 0.048017 -0.998847 0.000000 0.010000
-0.806900 -0.281576 0.000000 0.000000 0.000000 -1.000000 0.010000
-0.806900 -0.281576 1.000000 0.000000 0.000000 1.000000 0.010000
-0.724384 -0.266794 0.000000 0.000000 0.000000 -1.000000 0.010000
-0.724384 -0.266794 1.000000 0.000000 0.000000 1.000000 0.010000
-0.482923 -0.177863 0.000000 0.000000 0.000000 -1.000000 0.010000
-0.482923 -0.177863 1.000000 0.000000 0.000000 1.000000 0.010000
-0.804871 -0.296438 0.049383 0.135261 -0.990810 0.000000 0.010000
-0.804871 -0.296438 0.148148 0.135261 -0.990810 0.000000 0.010000
-0.804871 -0.296438 0.246914 0.135261 -0.990810 0.000000 0.010000
-0.804871 -0.296438 0.345679 0.135261 -0.990810 0.000000 0.010000
-0.804871 -0.296438 0.444444 0.135261 -0.990810 0.000000 0.010000
-0.804871 -0.296438 0.543210 0.135261 -0.990810 0.000000 0.010000
-0.804871 -0.296438 0.641975 0.135261 -0.990810 0.000000 0.010000
-0.804871 -0.296438 0.740741 0.135261 -0.990810 0.000000 0.010000
-0.804871 -0.296438 0.839506 0.135261 -0.990810 0.000000 0.010000
-0.804871 -0.296438 0.938272 0.135261 -0.990810 0.000000 0.010000
-0.921612 -0.300333 0.000000 0.000000 0.000000 -1.000000 0.010000
-0.921612 -0.300333 1.000000 0.000000 0.000000 1.000000 0.010000
-0.827031 -0.283581 0.000000 0.000000 0.000000 -1.000000 0.010000
-0.827031 -0.283581 1.000000 0.000000 0.000000 1.000000 0.010000
-0.551354 -0.189054 0.000000 0.000000 0.000000 -1.000000 0.010000
-0.551354 -0.189054 1.000000 0.000000 0.000000 1.000000 0.010000
-0.918923 -0.315090 0.049383 0.179234 -0.983807 0.000000 0.010000
-0.918923 -0.315090 0.148148 0.179234 -0.983807 0.000000 0.010000
-0.918923 -0.315090 0.246914 0.179234 -0.983807 0.000000 0.010000
-0.918923 -0.315090 0.345679 0.179234 -0.983807 0.000000 0.010000
-0.918923 -0.315090 0.444444 0.179234 -0.983807 0.000000 0.010000
-0.918923 -0.315090 0.543210 0.179234 -0.983807 0.000000 0.010000
-0.918923 -0.315090 0.641975 0.179234 -0.983807 0.000000 0.010000
-0.918923 -0.315090 0.740741 0.179234 -0.983807 0.000000 0.010000
-0.918923 -0.315090 0.839506 0.179234 -0.983807 0.000000 0.010000
-0.918923 -0.315090 0.938272 0.179234 -0.983807 0.000000 0.010000
-1.034967 -0.320828 0.000000 0.000000 0.000000 -1.000000 0.010000
-1.034967 -0.320828 1.000000 0.000000 0.000000 1.000000 0.010000
-0.929389 -0.302084 0.000000 0.000000 0.000000 -1.000000 0.010000
-0.929389 -0.302084 1.000000 0.000000 0.000000 1.000000 0.010000
-0.619592 -0.201389 0.000000 0.000000 0.000000 -1.000000 0.010000
-0.619592 -0.201389 1.000000 0.000000 0.000000 1.000000 0.010000
-1.032654 -0.335649 0.049383 0.154184 -0.988042 0.000000 0.010000
-1.032654 -0.335649 0.148148 0.154184 -0.988042 0.000000 0.010000
-1.032654 -0.335649 0.246914 0.154184 -0.988042 0.000000 0.010000
-1.032654 -0.335649 0.345679 0.154184 -0.988042 0.000000 0.010000
-1.032654 -0.335649 0.444444 0.154184 -0.988042 0.000000 0.010000
-1.032654 -0.335649 0.543210 0.154184 -0.988042 0.000000 0.010000
-1.032654 -0.335649 0.641975 0.154184 -0.988042 0.000000 0.010000
-1.032654 -0.335649 0.740741 0.154184 -0.988042 0.000000 0.010000
-1.032654 -0.335649 0.839506 0.154184 -0.988042 0.000000 0.010000
-1.032654 -0.335649 0.938272 0.154184 -0.988042 0.000000 0.010000
-1.145885 -0.325650 0.000000 0.000000 0.000000 -1.000000 0.010000
-1.145885 -0.325650 1.000000 0.000000 0.000000 1.000000 0.010000
-1.032999 -0.306477 0.000000 0.000000 0.000000 -1.000000 0.010000
-1.032999 -0.306477 1.000000 0.000000 0.000000 1.000000 0.010000
-0.688666 -0.204318 0.000000 0.000000 0.000000 -1.000000 0.010000
-0.688666 -0.204318 1.000000 0.000000 0.000000 1.000000 0.010000
-1.147777 -0.340530 0.049383 -0.126144 -0.992012 0.000000 0.010000
-1.147777 -0.340530 0.148148 -0.126144 -0.992012 0.000000 0.010000
-1.147777 -0.340530 0.246914 -0.126144 -0.992012 0.000000 0.010000
-1.147777 -0.340530 0.345679 -0.126144 -0.992012 0.000000 0.010000
-1.147777 -0.340530 0.444444 -0.126144 -0.992012 0.000000 0.010000
-1.147777 -0.340530 0.543210 -0.126144 -0.992012 0.000000 0.010000
-1.147777 -0.340530 0.641975 -0.126144 -0.992012 0.000000 0.010000
-1.147777 -0.340530 0.740741 -0.126144 -0.992012 0.000000 0.010000
-1.147777 -0.340530 0.839506 -0.126144 -0.992012 0.000000 0.010000
-1.147777 -0.340530 0.938272 -0.126144 -0.992012 0.000000 0.010000
-1.242875 -0.284208 0.000000 0.000000 0.000000 -1.000000 0.010000
-1.242875 -0.284208 1.000000 0.000000 0.000000 1.000000 0.010000
-1.127337 -0.266068 0.000000 0.000000 0.000000 -1.000000 0.010000
-1.127337 -0.266068 1.000000 0.000000 0.000000 1.000000 0.010000
-0.751558 -0.177379 0.000000 0.000000 0.000000 -1.000000 0.010000
-0.751558 -0.177379 1.000000 0.000000 0.000000 1.000000 0.010000
-1.252597 -0.295631 0.049383 -0.648156 -0.761508 0.000000 0.010000
-1.252597 -0.295631 0.148148 -0.648156 -0.761508 0.000000 0.010000
-1.252597 -0.295631 0.246914 -0.648156 -0.761508 0.000000 0.010000
-1.252597 -0.295631 0.345679 -0.648156 -0.761508 0.000000 0.010000
-1.252597 -0.295631 0.444444 -0.648156 -0.761508 0.000000 0.010000
-1.252597 -0.295631 0.543210 -0.648156 -0.761508 0.000000 0.010000
-1.252597 -0.295631 0.641975 -0.648156 -0.761508 0.000000 0.010000
-1.252597 -0.295631 0.740741 -0.648156 -0.761508 0.000000 0.010000
-1.252597 -0.295631 0.839506 -0.648156 -0.761508 0.000000 0.010000
-1.252597 -0.295631 0.938272 -0.648156 -0.761508 0.000000 0.010000
-1.299388 -0.195378 0.000000 0.000000 0.000000 -1.000000 0.010000
-1.299388 -0.195378 1.000000 0.000000 0.000000 1.000000 0.010000
-1.182448 -0.179486 0.000000 0.000000 0.000000 -1.000000 0.010000
-1.182448 -0.179486 1.000000 0.000000 0.000000 1.000000 0.010000
-0.788299 -0.119657 0.000000 0.000000 0.000000 -1.000000 0.010000
-0.788299 -0.119657 1.000000 0.000000 0.000000 1.000000 0.010000
-1.313831 -0.199429 0.049383 -0.962850 -0.270038 0.000000 0.010000
-1.313831 -0.199429 0.148148 -0.962850 -0.270038 0.000000 0.010000
-1.313831 -0.199429 0.246914 -0.962850 -0.270038 0.000000 0.010000
-1.313831 -0.199429 0.345679 -0.962850 -0.270038 0.000000 0.010000
-1.313831 -0.199429 0.444444 -0.962850 -0.270038 0.000000 0.010000
-1.313831 -0.199429 0.543210 -0.962850 -0.270038 0.000000 0.010000
-1.313831 -0.199429 0.641975 -0.962850 -0.270038 0.000000 0.010000
-1.313831 -0.199429 0.740741 -0.962850 -0.270038 0.000000 0.010000
-1.313831 -0.199429 0.839506 -0.962850 -0.270038 0.000000 0.010000
-1.313831 -0.199429 0.938272 -0.962850 -0.270038 0.000000 0.010000
-1.309527 -0.085848 0.000000 0.000000 0.000000 -1.000000 0.010000
-1.309527 -0.085848 1.000000 0.000000 0.000000 1.000000 0.010000
-1.192054 -0.076512 0.000000 0.000000 0.000000 -1.000000 0.010000
-1.192054 -0.076512 1.000000 0.000000 0.000000 1.000000 0.010000
-0.794702 -0.051008 0.000000 0.000000 0.000000 -1.000000 0.010000
-0.794702 -0.051008 1.000000 0.000000 0.000000 1.000000 0.010000
-1.324504 -0.085013 0.049383 -0.998450 0.055650 0.000000 0.010000
-1.324504 -0.085013 0.148148 -0.998450 0.055650 0.000000 0.010000
-1.324504 -0.085013 0.246914 -0.998450 0.055650 0.000000 0.010000
-1.324504 -0.085013 0.345679 -0.998450 0.055650 0.000000 0.010000
-1.324504 -0.085013 0.444444 -0.998450 0.055650 0.000000 0.010000
-1.324504 -0.085013 0.543210 -0.998450 0.055650 0.000000 0.010000
-1.324504 -0.085013 0.641975 -0.998450 0.055650 0.000000 0.010000
-1.324504 -0.085013 0.740741 -0.998450 0.055650 0.000000 0.010000
-1.324504 -0.085013 0.839506 -0.998450 0.055650 0.000000 0.010000
-1.324504 -0.085013 0.938272 -0.998450 0.055650 0.000000 0.010000
-1.292274 0.025629 0.000000 0.000000 0.000000 -1.000000 0.010000
-1.292274 0.025629 1.000000 0.000000 0.000000 1.000000 0.010000
-1.176187 0.026158 0.000000 0.000000 0.000000 -1.000000 0.010000
-1.176187 0.026158 1.000000 0.000000 0.000000 1.000000 0.010000
-0.784125 0.017438 0.000000 0.000000 0.000000 -1.000000 0.010000
-0.784125 0.017438 1.000000 0.000000 0.000000 1.000000 0.010000
-1.306875 0.029064 0.049383 -0.973422 0.229021 0.000000 0.010000
-1.306875 0.029064 0.148148 -0.973422 0.229021 0.000000 0.010000
-1.306875 0.029064 0.246914 -0.973422 0.229021 0.000000 0.010000
-1.306875 0.029064 0.345679 -0.973422 0.229021 0.000000 0.010000
-1.306875 0.029064 0.444444 -0.973422 0.229021 0.000000 0.010000
-1.306875 0.029064 0.543210 -0.973422 0.229021 0.000000 0.010000
-1.306875 0.029064 0.641975 -0.973422 0.229021 0.000000 0.010000
-1.306875 0.029064 0.740741 -0.973422 0.229021 0.000000 0.010000
-1.306875 0.029064 0.839506 -0.973422 0.229021 0.000000 0.010000
-1.306875 0.029064 0.938272 -0.973422 0.229021 0.000000 0.010000
-1.258999 0.134252 0.000000 0.000000 0.000000 -1.000000 0.010000
-1.258999 0.134252 1.000000 0.000000 0.000000 1.000000 0.010000
-1.145742 0.125559 0.000000 0.000000 0.000000 -1.000000 0.010000
-1.145742 0.125559 1.000000 0.000000 0.000000 1.000000 0.010000
-0.763828 0.083706 0.000000 0.000000 0.000000 -1.000000 0.010000
-0.763828 0.083706 1.000000 0.000000 0.000000 1.000000 0.010000
-1.273047 0.139510 0.049383 -0.936542 0.350554 0.000000 0.010000
-1.273047 0.139510 0.148148 -0.936542 0.350554 0.000000 0.010000
-1.273047 0.139510 0.246914 -0.936542 0.350554 0.000000 0.010000
-1.273047 0.139510 0.345679 -0.936542 0.350554 0.000000 0.010000
-1.273047 0.139510 0.444444 -0.936542 0.350554 0.000000 0.010000
-1.273047 0.139510 0.543210 -0.936542 0.350554 0.000000 0.010000
-1.273047 0.139510 0.641975 -0.936542 0.350554 0.000000 0.010000
-1.273047 0.139510 0.740741 -0.936542 0.350554 0.000000 0.010000
-1.273047 0.139510 0.839506 -0.936542 0.350554 0.000000 0.010000
-1.273047 0.139510 0.938272 -0.936542 0.350554 0.000000 0.010000
-1.213332 0.238556 0.000000 0.000000 0.000000 -1.000000 0.010000
-1.213332 0.238556 1.000000 0.000000 0.000000 1.000000 0.010000
-1.104041 0.220803 0.000000 0.000000 0.000000 -1.000000 0.010000
-1.104041 0.220803 1.000000 0.000000 0.000000 1.000000 0.010000
-0.736027 0.147202 0.000000 0.000000 0.000000 -1.000000 0.010000
-0.736027 0.147202 1.000000 0.000000 0.000000 1.000000 0.010000
-1.226712 0.245337 0.049383 -0.891997 0.452042 0.000000 0.010000
-1.226712 0.245337 0.148148 -0.891997 0.452042 0.000000 0.010000
-1.226712 0.245337 0.246914 -0.891997 0.452042 0.000000 0.010000
-1.226712 0.245337 0.345679 -0.891997 0.452042 0.000000 0.010000
-1.226712 0.245337 0.444444 -0.891997 0.452042 0.000000 0.010000
-1.226712 0.245337 0.543210 -0.891997 0.452042 0.000000 0.010000
-1.226712 0.245337 0.641975 -0.891997 0.452042 0.000000 0.010000
-1.226712 0.245337 0.740741 -0.891997 0.452042 0.000000 0.010000
-1.226712 0.245337 0.839506 -0.891997 0.452042 0.000000 0.010000
-1.226712 0.245337 0.938272 -0.891997 0.452042 0.000000 0.010000
-1.155695 0.336387 0.000000 0.000000 0.000000 -1.000000 0.010000
-1.155695 0.336387 1.000000 0.000000 0.000000 1.000000 0.010000
-1.051269 0.310368 0.000000 0.000000 0.000000 -1.000000 0.010000
-1.051269 0.310368 1.000000 0.000000 0.000000 1.000000 0.010000
-0.700846 0.206912 0.000000 0.000000 0.000000 -1.000000 0.010000
-0.700846 0.206912 1.000000 0.000000 0.000000 1.000000 0.010000
-1.168077 0.344853 0.049383 -0.825481 0.564430 0.000000 0.010000
-1.168077 0.344853 0.148148 -0.825481 0.564430 0.000000 0.010000
-1.168077 0.344853 0.246914 -0.825481 0.564430 0.000000 0.010000
-1.168077 0.344853 0.345679 -0.825481 0.564430 0.000000 0.010000
-1.168077 0.344853 0.444444 -0.825481 0.564430 0.000000 0.010000
-1.168077 0.344853 0.543210 -0.825481 0.564430 0.000000 0.010000
-1.168077 0.344853 0.641975 -0.825481 0.564430 0.000000 0.010000
-1.168077 0.344853 0.740741 -0.825481 0.564430 0.000000 0.010000
-1.168077 0.344853 0.839506 -0.825481 0.564430 0.000000 0.010000
-1.168077 0.344853 0.938272 -0.825481 0.564430 0.000000 0.010000
-1.085173 0.425089 0.000000 0.000000 0.000000 -1.000000 0.010000
-1.085173 0.425089 1.000000 0.000000 0.000000 1.000000 0.010000
-0.986585 0.391727 0.000000 0.000000 0.000000 -1.000000 0.010000
-0.986585 0.391727 1.000000 0.000000 0.000000 1.000000 0.010000
-0.657723 0.261151 0.000000 0.000000 0.000000 -1.000000 0.010000
-0.657723 0.261151 1.000000 0.000000 0.000000 1.000000 0.010000
-1.096205 0.435252 0.049383 -0.735488 0.677538 0.000000 0.010000
-1.096205 0.435252 0.148148 -0.735488 0.677538 0.000000 0.010000
-1.096205 0.435252 0.246914 -0.735488 0.677538 0.000000 0.010000
-1.096205 0.435252 0.345679 -0.735488 0.677538 0.000000 0.010000
-1.096205 0.435252 0.444444 -0.735488 0.677538 0.000000 0.010000
-1.096205 0.435252 0.543210 -0.735488 0.677538 0.000000 0.010000
-1.096205 0.435252 0.641975 -0.735488 0.677538 0.000000 0.010000
-1.096205 0.435252 0.740741 -0.735488 0.677538 0.000000 0.010000
-1.096205 0.435252 0.839506 -0.735488 0.677538 0.000000 0.010000
-1.096205 0.435252 0.938272 -0.735488 0.677538 0.000000 0.010000
-1.002477 0.502443 0.000000 0.000000 0.000000 -1.000000 0.010000
-1.002477 0.502443 1.000000 0.000000 0.000000 1.000000 0.010000
-0.910680 0.462726 0.000000 0.000000 0.000000 -1.000000 0.010000
-0.910680 0.462726 1.000000 0.000000 0.000000 1.000000 0.010000
-0.607120 0.308484 0.000000 0.000000 0.000000 -1.000000 0.010000
-0.607120 0.308484 1.000000 0.000000 0.000000 1.000000 0.010000
-1.011867 0.514140 0.049383 -0.625994 0.779828 0.000000 0.010000
-1.011867 0.514140 0.148148 -0.625994 0.779828 0.000000 0.010000
-1.011867 0.514140 0.246914 -0.625994 0.779828 0.000000 0.010000
-1.011867 0.514140 0.345679 -0.625994 0.779828 0.000000 0.010000
-1.011867 0.514140 0.444444 -0.625994 0.779828 0.000000 0.010000
-1.011867 0.514140 0.543210 -0.625994 0.779828 0.000000 0.010000
-1.011867 0.514140 0.641975 -0.625994 0.779828 0.000000 0.010000
-1.011867 0.514140 0.740741 -0.625994 0.779828 0.000000 0.010000
-1.011867 0.514140 0.839506 -0.625994 0.779828 0.000000 0.010000
-1.011867 0.514140 0.938272 -0.625994 0.779828 0.000000 0.010000
-0.908963 0.565910 0.000000 0.000000 0.000000 -1.000000 0.010000
-0.908963 0.565910 1.000000 0.000000 0.000000 1.000000 0.010000
-0.824693 0.521081 0.000000 0.000000 0.000000 -1.000000 0.010000
-0.824693 0.521081 1.000000 0.000000 0.000000 1.000000 0.010000
-0.549796 0.347387 0.000000 0.000000 0.000000 -1.000000 0.010000
-0.549796 0.347387 1.000000 0.000000 0.000000 1.000000 0.010000
-0.916326 0.578979 0.049383 -0.490856 0.871241 0.000000 0.010000
-0.916326 0.578979 0.148148 -0.490856 0.871241 0.000000 0.010000
-0.916326 0.578979 0.246914 -0.490856 0.871241 0.000000 0.010000
-0.916326 0.578979 0.345679 -0.490856 0.871241 0.000000 0.010000
-0.916326 0.578979 0.444444 -0.490856 0.871241 0.000000 0.010000
-0.916326 0.578979 0.543210 -0.490856 0.871241 0.000000 0.010000
-0.916326 0.578979 0.641975 -0.490856 0.871241 0.000000 0.010000
-0.916326 0.578979 0.740741 -0.490856 0.871241 0.000000 0.010000
-0.916326 0.578979 0.839506 -0.490856 0.871241 0.000000 0.010000
-0.916326 0.578979 0.938272 -0.490856 0.871241 0.000000 0.010000
-0.806202 0.612278 0.000000 0.000000 0.000000 -1.000000 0.010000
-0.806202 0.612278 1.000000 0.000000 0.000000 1.000000 0.010000
-0.729991 0.563809 0.000000 0.000000 0.000000 -1.000000 0.010000
-0.729991 0.563809 1.000000 0.000000 0.000000 1.000000 0.010000
-0.486661 0.375873 0.000000 0.000000 0.000000 -1.000000 0.010000
-0.486661 0.375873 1.000000 0.000000 0.000000 1.000000 0.010000
-0.811101 0.626455 0.049383 -0.326629 0.945153 0.000000 0.010000
-0.811101 0.626455 0.148148 -0.326629 0.945153 0.000000 0.010000
-0.811101 0.626455 0.246914 -0.326629 0.945153 0.000000 0.010000
-0.811101 0.626455 0.345679 -0.326629 0.945153 0.000000 0.010000
-0.811101 0.626455 0.444444 -0.326629 0.945153 0.000000 0.010000
-0.811101 0.626455 0.543210 -0.326629 0.945153 0.000000 0.010000
-0.811101 0.626455 0.641975 -0.326629 0.945153 0.000000 0.010000
-0.811101 0.626455 0.740741 -0.326629 0.945153 0.000000 0.010000
-0.811101 0.626455 0.839506 -0.326629 0.945153 0.000000 0.010000
-0.811101 0.626455 0.938272 -0.326629 0.945153 0.000000 0.010000
-0.696795 0.639075 0.000000 0.000000 0.000000 -1.000000 0.010000
-0.696795 0.639075 1.000000 0.000000 0.000000 1.000000 0.010000
-0.629085 0.588524 0.000000 0.000000 0.000000 -1.000000 0.010000
-0.629085 0.588524 1.000000 0.000000 0.000000 1.000000 0.010000
-0.419390 0.392349 0.000000 0.000000 0.000000 -1.000000 0.010000
-0.419390 0.392349 1.000000 0.000000 0.000000 1.000000 0.010000
-0.698983 0.653915 0.049383 -0.145870 0.989304 0.000000 0.010000
-0.698983 0.653915 0.148148 -0.145870 0.989304 0.000000 0.010000
-0.698983 0.653915 0.246914 -0.145870 0.989304 0.000000 0.010000
-0.698983 0.653915 0.345679 -0.145870 0.989304 0.000000 0.010000
-0.698983 0.653915 0.444444 -0.145870 0.989304 0.000000 0.010000
-0.698983 0.653915 0.543210 -0.145870 0.989304 0.000000 0.010000
-0.698983 0.653915 0.641975 -0.145870 0.989304 0.000000 0.010000
-0.698983 0.653915 0.740741 -0.145870 0.989304 0.000000 0.010000
-0.698983 0.653915 0.839506 -0.145870 0.989304 0.000000 0.010000
-0.698983 0.653915 0.938272 -0.145870 0.989304 0.000000 0.010000
-0.584404 0.644689 0.000000 0.000000 0.000000 -1.000000 0.010000
-0.584404 0.644689 1.000000 0.000000 0.000000 1.000000 0.010000
-0.525335 0.593706 0.000000 0.000000 0.000000 -1.000000 0.010000
-0.525335 0.593706 1.000000 0.000000 0.000000 1.000000 0.010000
-0.350224 0.395804 0.000000 0.000000 0.000000 -1.000000 0.010000
-0.350224 0.395804 1.000000 0.000000 0.000000 1.000000 0.010000
-0.583706 0.659673 0.049383 0.046539 0.998916 0.000000 0.010000
-0.583706 0.659673 0.148148 0.046539 0.998916 0.000000 0.010000
-0.583706 0.659673 0.246914 0.046539 0.998916 0.000000 0.010000
-0.583706 0.659673 0.345679 0.046539 0.998916 0.000000 0.010000
-0.583706 0.659673 0.444444 0.046539 0.998916 0.000000 0.010000
-0.583706 0.659673 0.543210 0.046539 0.998916 0.000000 0.010000
-0.583706 0.659673 0.641975 0.046539 0.998916 0.000000 0.010000
-0.583706 0.659673 0.740741 0.046539 0.998916 0.000000 0.010000
-0.583706 0.659673 0.839506 0.046539 0.998916 0.000000 0.010000
-0.583706 0.659673 0.938272 0.046539 0.998916 0.000000 0.010000
-0.472995 0.628717 0.000000 0.000000 0.000000 -1.000000 0.010000
-0.472995 0.628717 1.000000 0.000000 0.000000 1.000000 0.010000
-0.422507 0.578964 0.000000 0.000000 0.000000 -1.000000 0.010000
-0.422507 0.578964 1.000000 0.000000 0.000000 1.000000 0.010000
-0.281671 0.385976 0.000000 0.000000 0.000000 -1.000000 0.010000
-0.281671 0.385976 1.000000 0.000000 0.000000 1.000000 0.010000
-0.469452 0.643293 0.049383 0.236204 0.971704 0.000000 0.010000
-0.469452 0.643293 0.148148 0.236204 0.971704 0.000000 0.010000
-0.469452 0.643293 0.246914 0.236204 0.971704 0.000000 0.010000
-0.469452 0.643293 0.345679 0.236204 0.971704 0.000000 0.010000
-0.469452 0.643293 0.444444 0.236204 0.971704 0.000000 0.010000
-0.469452 0.643293 0.543210 0.236204 0.971704 0.000000 0.010000
-0.469452 0.643293 0.641975 0.236204 0.971704 0.000000 0.010000
-0.469452 0.643293 0.740741 0.236204 0.971704 0.000000 0.010000
-0.469452 0.643293 0.839506 0.236204 0.971704 0.000000 0.010000
-0.469452 0.643293 0.938272 0.236204 0.971704 0.000000 0.010000
-0.366424 0.592020 0.000000 0.000000 0.000000 -1.000000 0.010000
-0.366424 0.592020 1.000000 0.000000 0.000000 1.000000 0.010000
-0.324272 0.545143 0.000000 0.000000 0.000000 -1.000000 0.010000
-0.324272 0.545143 1.000000 0.000000 0.000000 1.000000 0.010000
-0.216181 0.363428 0.000000 0.000000 0.000000 -1.000000 0.010000
-0.216181 0.363428 1.000000 0.000000 0.000000 1.000000 0.010000
-0.360302 0.605714 0.049383 0.408132 0.912923 0.000000 0.010000
-0.360302 0.605714 0.148148 0.408132 0.912923 0.000000 0.010000
-0.360302 0.605714 0.246914 0.408132 0.912923 0.000000 0.010000
-0.360302 0.605714 0.345679 0.408132 0.912923 0.000000 0.010000
-0.360302 0.605714 0.444444 0.408132 0.912923 0.000000 0.010000
-0.360302 0.605714 0.543210 0.408132 0.912923 0.000000 0.010000
-0.360302 0.605714 0.641975 0.408132 0.912923 0.000000 0.010000
-0.360302 0.605714 0.740741 0.408132 0.912923 0.000000 0.010000
-0.360302 0.605714 0.839506 0.408132 0.912923 0.000000 0.010000
-0.360302 0.605714 0.938272 0.408132 0.912923 0.000000 0.010000
-0.267242 0.537667 0.000000 0.000000 0.000000 -1.000000 0.010000
-0.267242 0.537667 1.000000 0.000000 0.000000 1.000000 0.010000
-0.233133 0.495202 0.000000 0.000000 0.000000 -1.000000 0.010000
-0.233133 0.495202 1.000000 0.000000 0.000000 1.000000 0.010000
-0.155422 0.330134 0.000000 0.000000 0.000000 -1.000000 0.010000
-0.155422 0.330134 1.000000 0.000000 0.000000 1.000000 0.010000
-0.259037 0.550224 0.049383 0.547022 0.837118 0.000000 0.010000
-0.259037 0.550224 0.148148 0.547022 0.837118 0.000000 0.010000
-0.259037 0.550224 0.246914 0.547022 0.837118 0.000000 0.010000
-0.259037 0.550224 0.345679 0.547022 0.837118 0.000000 0.010000
-0.259037 0.550224 0.444444 0.547022 0.837118 0.000000 0.010000
-0.259037 0.550224 0.543210 0.547022 0.837118 0.000000 0.010000
-0.259037 0.550224 0.641975 0.547022 0.837118 0.000000 0.010000
-0.259037 0.550224 0.740741 0.547022 0.837118 0.000000 0.010000
-0.259037 0.550224 0.839506 0.547022 0.837118 0.000000 0.010000
-0.259037 0.550224 0.938272 0.547022 0.837118 0.000000 0.010000
-0.176796 0.469130 0.000000 0.000000 0.000000 -1.000000 0.010000
-0.176796 0.469130 1.000000 0.000000 0.000000 1.000000 0.010000
-0.150280 0.432423 0.000000 0.000000 0.000000 -1.000000 0.010000
-0.150280 0.432423 1.000000 0.000000 0.000000 1.000000 0.010000
-0.100187 0.288282 0.000000 0.000000 0.000000 -1.000000 0.010000
-0.100187 0.288282 1.000000 0.000000 0.000000 1.000000 0.010000
-0.166978 0.480470 0.049383 0.654563 0.756007 0.000000 0.010000
-0.166978 0.480470 0.148148 0.654563 0.756007 0.000000 0.010000
-0.166978 0.480470 0.246914 0.654563 0.756007 0.000000 0.010000
-0.166978 0.480470 0.345679 0.654563 0.756007 0.000000 0.010000
-0.166978 0.480470 0.444444 0.654563 0.756007 0.000000 0.010000
-0.166978 0.480470 0.543210 0.654563 0.756007 0.000000 0.010000
-0.166978 0.480470 0.641975 0.654563 0.756007 0.000000 0.010000
-0.166978 0.480470 0.740741 0.654563 0.756007 0.000000 0.010000
-0.166978 0.480470 0.839506 0.654563 0.756007 0.000000 0.010000
-0.166978 0.480470 0.938272 0.654563 0.756007 0.000000 0.010000
-0.095040 0.389835 0.000000 0.000000 0.000000 -1.000000 0.010000
-0.095040 0.389835 1.000000 0.000000 0.000000 1.000000 0.010000
-0.075642 0.360037 0.000000 0.000000 0.000000 -1.000000 0.010000
-0.075642 0.360037 1.000000 0.000000 0.000000 1.000000 0.010000
-0.050428 0.240025 0.000000 0.000000 0.000000 -1.000000 0.010000
-0.050428 0.240025 1.000000 0.000000 0.000000 1.000000 0.010000
-0.084047 0.400041 0.049383 0.732858 0.680381 0.000000 0.010000
-0.084047 0.400041 0.148148 0.732858 0.680381 0.000000 0.010000
-0.084047 0.400041 0.246914 0.732858 0.680381 0.000000 0.010000
-0.084047 0.400041 0.345679 0.732858 0.680381 0.000000 0.010000
-0.084047 0.400041 0.444444 0.732858 0.680381 0.000000 0.010000
-0.084047 0.400041 0.543210 0.732858 0.680381 0.000000 0.010000
-0.084047 0.400041 0.641975 0.732858 0.680381 0.000000 0.010000
-0.084047 0.400041 0.740741 0.732858 0.680381 0.000000 0.010000
-0.084047 0.400041 0.839506 0.732858 0.680381 0.000000 0.010000
-0.084047 0.400041 0.938272 0.732858 0.680381 0.000000 0.010000
-0.021148 0.302694 0.000000 0.000000 0.000000 -1.000000 0.010000
-0.021148 0.302694 1.000000 0.000000 0.000000 1.000000 0.010000
-0.008385 0.280724 0.000000 0.000000 0.000000 -1.000000 0.010000
-0.008385 0.280724 1.000000 0.000000 0.000000 1.000000 0.010000
-0.005590 0.187149 0.000000 0.000000 0.000000 -1.000000 0.010000
-0.005590 0.187149 1.000000 0.000000 0.000000 1.000000 0.010000
-0.009317 0.311915 0.049383 0.788744 0.614722 0.000000 0.010000
-0.009317 0.311915 0.148148 0.788744 0.614722 0.000000 0.010000
-0.009317 0.311915 0.246914 0.788744 0.614722 0.000000 0.010000
-0.009317 0.311915 0.345679 0.788744 0.614722 0.000000 0.010000
-0.009317 0.311915 0.444444 0.788744 0.614722 0.000000 0.010000
-0.009317 0.311915 0.543210 0.788744 0.614722 0.000000 0.010000
-0.009317 0.311915 0.641975 0.788744 0.614722 0.000000 0.010000
-0.009317 0.311915 0.740741 0.788744 0.614722 0.000000 0.010000
-0.009317 0.311915 0.839506 0.788744 0.614722 0.000000 0.010000
-0.009317 0.311915 0.938272 0.788744 0.614722 0.000000 0.010000
0.046113 0.209959 0.000000 0.000000 0.000000 -1.000000 0.010000
0.046113 0.209959 1.000000 0.000000 0.000000 1.000000 0.010000
0.052679 0.196535 0.000000 0.000000 0.000000 -1.000000 0.010000
0.052679 0.196535 1.000000 0.000000 0.000000 1.000000 0.010000
0.035119 0.131023 0.000000 0.000000 0.000000 -1.000000 0.010000
0.035119 0.131023 1.000000 0.000000 0.000000 1.000000 0.010000
0.058532 0.218372 0.049383 0.827909 0.560862 0.000000 0.010000
0.058532 0.218372 0.148148 0.827909 0.560862 0.000000 0.010000
0.058532 0.218372 0.246914 0.827909 0.560862 0.000000 0.010000
0.058532 0.218372 0.345679 0.827909 0.560862 0.000000 0.010000
0.058532 0.218372 0.444444 0.827909 0.560862 0.000000 0.010000
0.058532 0.218372 0.543210 0.827909 0.560862 0.000000 0.010000
0.058532 0.218372 0.641975 0.827909 0.560862 0.000000 0.010000
0.058532 0.218372 0.740741 0.827909 0.560862 0.000000 0.010000
0.058532 0.218372 0.839506 0.827909 0.560862 0.000000 0.010000
0.058532 0.218372 0.938272 0.827909 0.560862 0.000000 0.010000
0.107743 0.113177 0.000000 0.000000 0.000000 -1.000000 0.010000
0.107743 0.113177 1.000000 0.000000 0.000000 1.000000 0.010000
0.108545 0.108805 0.000000 0.000000 0.000000 -1.000000 0.010000
0.108545 0.108805 1.000000 0.000000 0.000000 1.000000 0.010000
0.072363 0.072537 0.000000 0.000000 0.000000 -1.000000 0.010000
0.072363 0.072537 1.000000 0.000000 0.000000 1.000000 0.010000
0.120605 0.120895 0.049383 0.857490 0.514501 0.000000 0.010000
0.120605 0.120895 0.148148 0.857490 0.514501 0.000000 0.010000
0.120605 0.120895 0.246914 0.857490 0.514501 0.000000 0.010000
0.120605 0.120895 0.345679 0.857490 0.514501 0.000000 0.010000
0.120605 0.120895 0.444444 0.857490 0.514501 0.000000 0.010000
0.120605 0.120895 0.543210 0.857490 0.514501 0.000000 0.010000
0.120605 0.120895 0.641975 0.857490 0.514501 0.000000 0.010000
0.120605 0.120895 0.740741 0.857490 0.514501 0.000000 0.010000
0.120605 0.120895 0.839506 0.857490 0.514501 0.000000 0.010000
0.120605 0.120895 0.938272 0.857490 0.514501 0.000000 0.010000
0.164580 0.013313 0.000000 0.000000 0.000000 -1.000000 0.010000
0.164580 0.013313 1.000000 0.000000 0.000000 1.000000 0.010000
0.159993 0.018410 0.000000 0.000000 0.000000 -1.000000 0.010000
0.159993 0.018410 1.000000 0.000000 0.000000 1.000000 0.010000
0.106662 0.012273 0.000000 0.000000 0.000000 -1.000000 0.010000
0.106662 0.012273 1.000000 0.000000 0.000000 1.000000 0.010000
0.177770 0.020455 0.049383 0.879357 0.476164 0.000000 0.010000
0.177770 0.020455 0.148148 0.879357 0.476164 0.000000 0.010000
0.177770 0.020455 0.246914 0.879357 0.476164 0.000000 0.010000
0.177770 0.020455 0.345679 0.879357 0.476164 0.000000 0.010000
0.177770 0.020455 0.444444 0.879357 0.476164 0.000000 0.010000
0.177770 0.020455 0.543210 0.879357 0.476164 0.000000 0.010000
0.177770 0.020455 0.641975 0.879357 0.476164 0.000000 0.010000
0.177770 0.020455 0.740741 0.879357 0.476164 0.000000 0.010000
0.177770 0.020455 0.839506 0.879357 0.476164 0.000000 0.010000
0.177770 0.020455 0.938272 0.879357 0.476164 0.000000 0.010000
0.217606 -0.088820 0.000000 0.000000 0.000000 -1.000000 0.010000
0.217606 -0.088820 1.000000 0.000000 0.000000 1.000000 0.010000
0.207923 -0.073904 0.000000 0.000000 0.000000 -1.000000 0.010000
0.207923 -0.073904 1.000000 0.000000 0.000000 1.000000 0.010000
0.138615 -0.049270 0.000000 0.000000 0.000000 -1.000000 0.010000
0.138615 -0.049270 1.000000 0.000000 0.000000 1.000000 0.010000
0.231025 -0.082116 0.049383 0.894570 0.446927 0.000000 0.010000
0.231025 -0.082116 0.148148 0.894570 0.446927 0.000000 0.010000
0.231025 -0.082116 0.246914 0.894570 0.446927 0.000000 0.010000
0.231025 -0.082116 0.345679 0.894570 0.446927 0.000000 0.010000
0.231025 -0.082116 0.444444 0.894570 0.446927 0.000000 0.010000
0.231025 -0.082116 0.543210 0.894570 0.446927 0.000000 0.010000
0.231025 -0.082116 0.641975 0.894570 0.446927 0.000000 0.010000
0.231025 -0.082116 0.740741 0.894570 0.446927 0.000000 0.010000
0.231025 -0.082116 0.839506 0.894570 0.446927 0.000000 0.010000
0.231025 -0.082116 0.938272 0.894570 0.446927 0.000000 0.010000
0.267765 -0.192529 0.000000 0.000000 0.000000 -1.000000 0.010000
0.267765 -0.192529 1.000000 0.000000 0.000000 1.000000 0.010000
0.253211 -0.167544 0.000000 0.000000 0.000000 -1.000000 0.010000
0.253211 -0.167544 1.000000 0.000000 0.000000 1.000000 0.010000
0.168808 -0.111696 0.000000 0.000000 0.000000 -1.000000 0.010000
0.168808 -0.111696 1.000000 0.000000 0.000000 1.000000 0.010000
0.281346 -0.186160 0.049383 0.905381 0.424600 0.000000 0.010000
0.281346 -0.186160 0.148148 0.905381 0.424600 0.000000 0.010000
0.281346 -0.186160 0.246914 0.905381 0.424600 0.000000 0.010000
0.281346 -0.186160 0.345679 0.905381 0.424600 0.000000 0.010000
0.281346 -0.186160 0.444444 0.905381 0.424600 0.000000 0.010000
0.281346 -0.186160 0.543210 0.905381 0.424600 0.000000 0.010000
0.281346 -0.186160 0.641975 0.905381 0.424600 0.000000 0.010000
0.281346 -0.186160 0.740741 0.905381 0.424600 0.000000 0.010000
0.281346 -0.186160 0.839506 0.905381 0.424600 0.000000 0.010000
0.281346 -0.186160 0.938272 0.905381 0.424600 0.000000 0.010000
0.315649 -0.297397 0.000000 0.000000 0.000000 -1.000000 0.010000
0.315649 -0.297397 1.000000 0.000000 0.000000 1.000000 0.010000
0.296416 -0.262165 0.000000 0.000000 0.000000 -1.000000 0.010000
0.296416 -0.262165 1.000000 0.000000 0.000000 1.000000 0.010000
0.197611 -0.174776 0.000000 0.000000 0.000000 -1.000000 0.010000
0.197611 -0.174776 1.000000 0.000000 0.000000 1.000000 0.010000
0.329351 -0.291294 0.049383 0.913484 0.406874 0.000000 0.010000
0.329351 -0.291294 0.148148 0.913484 0.406874 0.000000 0.010000
0.329351 -0.291294 0.246914 0.913484 0.406874 0.000000 0.010000
0.329351 -0.291294 0.345679 0.913484 0.406874 0.000000 0.010000
0.329351 -0.291294 0.444444 0.913484 0.406874 0.000000 0.010000
0.329351 -0.291294 0.543210 0.913484 0.406874 0.000000 0.010000
0.329351 -0.291294 0.641975 0.913484 0.406874 0.000000 0.010000
0.329351 -0.291294 0.740741 0.913484 0.406874 0.000000 0.010000
0.329351 -0.291294 0.839506 0.913484 0.406874 0.000000 0.010000
0.329351 -0.291294 0.938272 0.913484 0.406874 0.000000 0.010000
0.361754 -0.403133 0.000000 0.000000 0.000000 -1.000000 0.010000
0.361754 -0.403133 1.000000 0.000000 0.000000 1.000000 0.010000
0.337991 -0.357512 0.000000 0.000000 0.000000 -1.000000 0.010000
0.337991 -0.357512 1.000000 0.000000 0.000000 1.000000 0.010000
0.225328 -0.238342 0.000000 0.000000 0.000000 -1.000000 0.010000
0.225328 -0.238342 1.000000 0.000000 0.000000 1.000000 0.010000
0.375546 -0.397236 0.049383 0.919488 0.393118 0.000000 0.010000
0.375546 -0.397236 0.148148 0.919488 0.393118 0.000000 0.010000
0.375546 -0.397236 0.246914 0.919488 0.393118 0.000000 0.010000
0.375546 -0.397236 0.345679 0.919488 0.393118 0.000000 0.010000
0.375546 -0.397236 0.444444 0.919488 0.393118 0.000000 0.010000
0.375546 -0.397236 0.543210 0.919488 0.393118 0.000000 0.010000
0.375546 -0.397236 0.641975 0.919488 0.393118 0.000000 0.010000
0.375546 -0.397236 0.740741 0.919488 0.393118 0.000000 0.010000
0.375546 -0.397236 0.839506 0.919488 0.393118 0.000000 0.010000
0.375546 -0.397236 0.938272 0.919488 0.393118 0.000000 0.010000
0.406505 -0.509513 0.000000 0.000000 0.000000 -1.000000 0.010000
0.406505 -0.509513 1.000000 0.000000 0.000000 1.000000 0.010000
0.378326 -0.453392 0.000000 0.000000 0.000000 -1.000000 0.010000
0.378326 -0.453392 1.000000 0.000000 0.000000 1.000000 0.010000
0.252217 -0.302261 0.000000 0.000000 0.000000 -1.000000 0.010000
0.252217 -0.302261 1.000000 0.000000 0.000000 1.000000 0.010000
0.420362 -0.503769 0.049383 0.923777 0.382932 0.000000 0.010000
0.420362 -0.503769 0.148148 0.923777 0.382932 0.000000 0.010000
0.420362 -0.503769 0.246914 0.923777 0.382932 0.000000 0.010000
0.420362 -0.503769 0.345679 0.923777 0.382932 0.000000 0.010000
0.420362 -0.503769 0.444444 0.923777 0.382932 0.000000 0.010000
0.420362 -0.503769 0.543210 0.923777 0.382932 0.000000 0.010000
0.420362 -0.503769 0.641975 0.923777 0.382932 0.000000 0.010000
0.420362 -0.503769 0.740741 0.923777 0.382932 0.000000 0.010000
0.420362 -0.503769 0.839506 0.923777 0.382932 0.000000 0.010000
0.420362 -0.503769 0.938272 0.923777 0.382932 0.000000 0.010000
0.450257 -0.616357 0.000000 0.000000 0.000000 -1.000000 0.010000
0.450257 -0.616357 1.000000 0.000000 0.000000 1.000000 0.010000
0.417744 -0.549653 0.000000 0.000000 0.000000 -1.000000 0.010000
0.417744 -0.549653 1.000000 0.000000 0.000000 1.000000 0.010000
0.278496 -0.366436 0.000000 0.000000 0.000000 -1.000000 0.010000
0.278496 -0.366436 1.000000 0.000000 0.000000 1.000000 0.010000
0.464160 -0.610726 0.049383 0.926872 0.375376 0.000000 0.010000
0.464160 -0.610726 0.148148 0.926872 0.375376 0.000000 0.010000
0.464160 -0.610726 0.246914 0.926872 0.375376 0.000000 0.010000
0.464160 -0.610726 0.345679 0.926872 0.375376 0.000000 0.010000
0.464160 -0.610726 0.444444 0.926872 0.375376 0.000000 0.010000
0.464160 -0.610726 0.543210 0.926872 0.375376 0.000000 0.010000
0.464160 -0.610726 0.641975 0.926872 0.375376 0.000000 0.010000
0.464160 -0.610726 0.740741 0.926872 0.375376 0.000000 0.010000
0.464160 -0.610726 0.839506 0.926872 0.375376 0.000000 0.010000
0.464160 -0.610726 0.938272 0.926872 0.375376 0.000000 0.010000
0.493270 -0.723529 0.000000 0.000000 0.000000 -1.000000 0.010000
0.493270 -0.723529 1.000000 0.000000 0.000000 1.000000 0.010000
0.456487 -0.646187 0.000000 0.000000 0.000000 -1.000000 0.010000
0.456487 -0.646187 1.000000 0.000000 0.000000 1.000000 0.010000
0.304325 -0.430792 0.000000 0.000000 0.000000 -1.000000 0.010000
0.304325 -0.430792 1.000000 0.000000 0.000000 1.000000 0.010000
0.507208 -0.717986 0.049383 0.929214 0.369543 0.000000 0.010000
0.507208 -0.717986 0.148148 0.929214 0.369543 0.000000 0.010000
0.507208 -0.717986 0.246914 0.929214 0.369543 0.000000 0.010000
0.507208 -0.717986 0.345679 0.929214 0.369543 0.000000 0.010000
0.507208 -0.717986 0.444444 0.929214 0.369543 0.000000 0.010000
0.507208 -0.717986 0.543210 0.929214 0.369543 0.000000 0.010000
0.507208 -0.717986 0.641975 0.929214 0.369543 0.000000 0.010000
0.507208 -0.717986 0.740741 0.929214 0.369543 0.000000 0.010000
0.507208 -0.717986 0.839506 0.929214 0.369543 0.000000 0.010000
0.507208 -0.717986 0.938272 0.929214 0.369543 0.000000 0.010000
0.535574 -0.830972 0.000000 0.000000 0.000000 -1.000000 0.010000
0.535574 -0.830972 1.000000 0.000000 0.000000 1.000000 0.010000
0.494596 -0.742973 0.000000 0.000000 0.000000 -1.000000 0.010000
0.494596 -0.742973 1.000000 0.000000 0.000000 1.000000 0.010000
0.329731 -0.495316 0.000000 0.000000 0.000000 -1.000000 0.010000
0.329731 -0.495316 1.000000 0.000000 0.000000 1.000000 0.010000
0.549551 -0.825526 0.049383 0.931767 0.363058 0.000000 0.010000
0.549551 -0.825526 0.148148 0.931767 0.363058 0.000000 0.010000
0.549551 -0.825526 0.246914 0.931767 0.363058 0.000000 0.010000
0.549551 -0.825526 0.345679 0.931767 0.363058 0.000000 0.010000
0.549551 -0.825526 0.444444 0.931767 0.363058 0.000000 0.010000
0.549551 -0.825526 0.543210 0.931767 0.363058 0.000000 0.010000
0.549551 -0.825526 0.641975 0.931767 0.363058 0.000000 0.010000
0.549551 -0.825526 0.740741 0.931767 0.363058 0.000000 0.010000
0.549551 -0.825526 0.839506 0.931767 0.363058 0.000000 0.010000
0.549551 -0.825526 0.938272 0.931767 0.363058 0.000000 0.010000
0.577107 -0.938714 0.000000 0.000000 0.000000 -1.000000 0.010000
0.577107 -0.938714 1.000000 0.000000 0.000000 1.000000 0.010000
0.532010 -0.840031 0.000000 0.000000 0.000000 -1.000000 0.010000
0.532010 -0.840031 1.000000 0.000000 0.000000 1.000000 0.010000
0.354673 -0.560021 0.000000 0.000000 0.000000 -1.000000 0.010000
0.354673 -0.560021 1.000000 0.000000 0.000000 1.000000 0.010000
0.591122 -0.933368 0.049383 0.934337 0.356392 0.000000 0.010000
0.591122 -0.933368 0.148148 0.934337 0.356392 0.000000 0.010000
0.591122 -0.933368 0.246914 0.934337 0.356392 0.000000 0.010000
0.591122 -0.933368 0.345679 0.934337 0.356392 0.000000 0.010000
0.591122 -0.933368 0.444444 0.934337 0.356392 0.000000 0.010000
0.591122 -0.933368 0.543210 0.934337 0.356392 0.000000 0.010000
0.591122 -0.933368 0.641975 0.934337 0.356392 0.000000 0.010000
0.591122 -0.933368 0.740741 0.934337 0.356392 0.000000 0.010000
0.591122 -0.933368 0.839506 0.934337 0.356392 0.000000 0.010000
0.591122 -0.933368 0.938272 0.934337 0.356392 0.000000 0.010000
0.617910 -1.046745 0.000000 0.000000 0.000000 -1.000000 0.010000
0.617910 -1.046745 1.000000 0.000000 0.000000 1.000000 0.010000
0.568763 -0.937340 0.000000 0.000000 0.000000 -1.000000 0.010000
0.568763 -0.937340 1.000000 0.000000 0.000000 1.000000 0.010000
0.379175 -0.624893 0.000000 0.000000 0.000000 -1.000000 0.010000
0.379175 -0.624893 1.000000 0.000000 0.000000 1.000000 0.010000
0.631959 -1.041489 0.049383 0.936596 0.350411 0.000000 0.010000
0.631959 -1.041489 0.148148 0.936596 0.350411 0.000000 0.010000
0.631959 -1.041489 0.246914 0.936596 0.350411 0.000000 0.010000
0.631959 -1.041489 0.345679 0.936596 0.350411 0.000000 0.010000
0.631959 -1.041489 0.444444 0.936596 0.350411 0.000000 0.010000
0.631959 -1.041489 0.543210 0.936596 0.350411 0.000000 0.010000
0.631959 -1.041489 0.641975 0.936596 0.350411 0.000000 0.010000
0.631959 -1.041489 0.740741 0.936596 0.350411 0.000000 0.010000
0.631959 -1.041489 0.839506 0.936596 0.350411 0.000000 0.010000
0.631959 -1.041489 0.938272 0.936596 0.350411 0.000000 0.010000
0.658087 -1.155030 0.000000 0.000000 0.000000 -1.000000 0.010000
0.658087 -1.155030 1.000000 0.000000 0.000000 1.000000 0.010000
0.604947 -1.034862 0.000000 0.000000 0.000000 -1.000000 0.010000
0.604947 -1.034862 1.000000 0.000000 0.000000 1.000000 0.010000
0.403298 -0.689908 0.000000 0.000000 0.000000 -1.000000 0.010000
0.403298 -0.689908 1.000000 0.000000 0.000000 1.000000 0.010000
0.672163 -1.149847 0.049383 0.938406 0.345533 0.000000 0.010000
0.672163 -1.149847 0.148148 0.938406 0.345533 0.000000 0.010000
0.672163 -1.149847 0.246914 0.938406 0.345533 0.000000 0.010000
0.672163 -1.149847 0.345679 0.938406 0.345533 0.000000 0.010000
0.672163 -1.149847 0.444444 0.938406 0.345533 0.000000 0.010000
0.672163 -1.149847 0.543210 0.938406 0.345533 0.000000 0.010000
0.672163 -1.149847 0.641975 0.938406 0.345533 0.000000 0.010000
0.672163 -1.149847 0.740741 0.938406 0.345533 0.000000 0.010000
0.672163 -1.149847 0.839506 0.938406 0.345533 0.000000 0.010000
0.672163 -1.149847 0.938272 0.938406 0.345533 0.000000 0.010000
0.697786 -1.263514 0.000000 0.000000 0.000000 -1.000000 0.010000
0.697786 -1.263514 1.000000 0.000000 0.000000 1.000000 0.010000
0.640694 -1.132547 0.000000 0.000000 0.000000 -1.000000 0.010000
0.640694 -1.132547 1.000000 0.000000 0.000000 1.000000 0.010000
0.427129 -0.755031 0.000000 0.000000 0.000000 -1.000000 0.010000
0.427129 -0.755031 1.000000 0.000000 0.000000 1.000000 0.010000
0.711882 -1.258385 0.049383 0.939730 0.341917 0.000000 0.010000
0.711882 -1.258385 0.148148 0.939730 0.341917 0.000000 0.010000
0.711882 -1.258385 0.246914 0.939730 0.341917 0.000000 0.010000
0.711882 -1.258385 0.345679 0.939730 0.341917 0.000000 0.010000
0.711882 -1.258385 0.444444 0.939730 0.341917 0.000000 0.010000
0.711882 -1.258385 0.543210 0.939730 0.341917 0.000000 0.010000
0.711882 -1.258385 0.641975 0.939730 0.341917 0.000000 0.010000
0.711882 -1.258385 0.740741 0.939730 0.341917 0.000000 0.010000
0.711882 -1.258385 0.839506 0.939730 0.341917 0.000000 0.010000
0.711882 -1.258385 0.938272 0.939730 0.341917 0.000000 0.010000
0.737072 -1.372144 0.000000 0.000000 0.000000 -1.000000 0.010000
0.737072 -1.372144 1.000000 0.000000 0.000000 1.000000 0.010000
0.676069 -1.230365 0.000000 0.000000 0.000000 -1.000000 0.010000
0.676069 -1.230365 1.000000 0.000000 0.000000 1.000000 0.010000
0.450713 -0.820243 0.000000 0.000000 0.000000 -1.000000 0.010000
0.450713 -0.820243 1.000000 0.000000 0.000000 1.000000 0.010000
0.751188 -1.367072 0.049383 0.941091 0.338152 0.000000 0.010000
0.751188 -1.367072 0.148148 0.941091 0.338152 0.000000 0.010000
0.751188 -1.367072 0.246914 0.941091 0.338152 0.000000 0.010000
0.751188 -1.367072 0.345679 0.941091 0.338152 0.000000 0.010000
0.751188 -1.367072 0.444444 0.941091 0.338152 0.000000 0.010000
0.751188 -1.367072 0.543210 0.941091 0.338152 0.000000 0.010000
0.751188 -1.367072 0.641975 0.941091 0.338152 0.000000 0.010000
0.751188 -1.367072 0.740741 0.941091 0.338152 0.000000 0.010000
0.751188 -1.367072 0.839506 0.941091 0.338152 0.000000 0.010000
0.751188 -1.367072 0.938272 0.941091 0.338152 0.000000 0.010000
0.775850 -1.480928 0.000000 0.000000 0.000000 -1.000000 0.010000
0.775850 -1.480928 1.000000 0.000000 0.000000 1.000000 0.010000
0.710996 -1.328344 0.000000 0.000000 0.000000 -1.000000 0.010000
0.710996 -1.328344 1.000000 0.000000 0.000000 1.000000 0.010000
0.473998 -0.885563 0.000000 0.000000 0.000000 -1.000000 0.010000
0.473998 -0.885563 1.000000 0.000000 0.000000 1.000000 0.010000
0.789996 -1.475938 0.049383 0.943048 0.332656 0.000000 0.010000
0.789996 -1.475938 0.148148 0.943048 0.332656 0.000000 0.010000
0.789996 -1.475938 0.246914 0.943048 0.332656 0.000000 0.010000
0.789996 -1.475938 0.345679 0.943048 0.332656 0.000000 0.010000
0.789996 -1.475938 0.444444 0.943048 0.332656 0.000000 0.010000
0.789996 -1.475938 0.543210 0.943048 0.332656 0.000000 0.010000
0.789996 -1.475938 0.641975 0.943048 0.332656 0.000000 0.010000
0.789996 -1.475938 0.740741 0.943048 0.332656 0.000000 0.010000
0.789996 -1.475938 0.839506 0.943048 0.332656 0.000000 0.010000
0.789996 -1.475938 0.938272 0.943048 0.332656 0.000000 0.010000
0.813597 -1.589961 0.000000 0.000000 0.000000 -1.000000 0.010000
0.813597 -1.589961 1.000000 0.000000 0.000000 1.000000 0.010000
0.745025 -1.426640 0.000000 0.000000 0.000000 -1.000000 0.010000
0.745025 -1.426640 1.000000 0.000000 0.000000 1.000000 0.010000
0.496684 -0.951093 0.000000 0.000000 0.000000 -1.000000 0.010000
0.496684 -0.951093 1.000000 0.000000 0.000000 1.000000 0.010000
0.827806 -1.585155 0.049383 0.947285 0.320391 0.000000 0.010000
0.827806 -1.585155 0.148148 0.947285 0.320391 0.000000 0.010000
0.827806 -1.585155 0.246914 0.947285 0.320391 0.000000 0.010000
0.827806 -1.585155 0.345679 0.947285 0.320391 0.000000 0.010000
0.827806 -1.585155 0.444444 0.947285 0.320391 0.000000 0.010000
0.827806 -1.585155 0.543210 0.947285 0.320391 0.000000 0.010000
0.827806 -1.585155 0.641975 0.947285 0.320391 0.000000 0.010000
0.827806 -1.585155 0.740741 0.947285 0.320391 0.000000 0.010000
0.827806 -1.585155 0.839506 0.947285 0.320391 0.000000 0.010000
0.827806 -1.585155 0.938272 0.947285 0.320391 0.000000 0.010000
0.849474 -1.699504 0.000000 0.000000 0.000000 -1.000000 0.010000
0.849474 -1.699504 1.000000 0.000000 0.000000 1.000000 0.010000
0.777400 -1.525490 0.000000 0.000000 0.000000 -1.000000 0.010000
0.777400 -1.525490 1.000000 0.000000 0.000000 1.000000 0.010000
0.518267 -1.016993 0.000000 0.000000 0.000000 -1.000000 0.010000
0.518267 -1.016993 1.000000 0.000000 0.000000 1.000000 0.010000
0.863778 -1.694989 0.049383 0.953631 0.300980 0.000000 0.010000
0.863778 -1.694989 0.148148 0.953631 0.300980 0.000000 0.010000
0.863778 -1.694989 0.246914 0.953631 0.300980 0.000000 0.010000
0.863778 -1.694989 0.345679 0.953631 0.300980 0.000000 0.010000
0.863778 -1.694989 0.444444 0.953631 0.300980 0.000000 0.010000
0.863778 -1.694989 0.543210 0.953631 0.300980 0.000000 0.010000
0.863778 -1.694989 0.641975 0.953631 0.300980 0.000000 0.010000
0.863778 -1.694989 0.740741 0.953631 0.300980 0.000000 0.010000
0.863778 -1.694989 0.839506 0.953631 0.300980 0.000000 0.010000
0.863778 -1.694989 0.938272 0.953631 0.300980 0.000000 0.010000
0.882750 -1.809822 0.000000 0.000000 0.000000 -1.000000 0.010000
0.882750 -1.809822 1.000000 0.000000 0.000000 1.000000 0.010000
0.807440 -1.625074 0.000000 0.000000 0.000000 -1.000000 0.010000
0.807440 -1.625074 1.000000 0.000000 0.000000 1.000000 0.010000
0.538293 -1.083383 0.000000 0.000000 0.000000 -1.000000 0.010000
0.538293 -1.083383 1.000000 0.000000 0.000000 1.000000 0.010000
0.897155 -1.805638 0.049383 0.960305 0.278953 0.000000 0.010000
0.897155 -1.805638 0.148148 0.960305 0.278953 0.000000 0.010000
0.897155 -1.805638 0.246914 0.960305 0.278953 0.000000 0.010000
0.897155 -1.805638 0.345679 0.960305 0.278953 0.000000 0.010000
0.897155 -1.805638 0.444444 0.960305 0.278953 0.000000 0.010000
0.897155 -1.805638 0.543210 0.960305 0.278953 0.000000 0.010000
0.897155 -1.805638 0.641975 0.960305 0.278953 0.000000 0.010000
0.897155 -1.805638 0.740741 0.960305 0.278953 0.000000 0.010000
0.897155 -1.805638 0.839506 0.960305 0.278953 0.000000 0.010000
0.897155 -1.805638 0.938272 0.960305 0.278953 0.000000 0.010000
