0.849794, -1.836761
0.841135, -1.841763
0.858453, -1.831759
0.792680, -1.736285
0.783941, -1.741145
0.801419, -1.731425
0.737247, -1.634870
0.728444, -1.639614
0.746050, -1.630126
0.682765, -1.532940
0.673935, -1.537634
0.691595, -1.528246
0.628515, -1.430887
0.619690, -1.435591
0.637340, -1.426183
0.573799, -1.329083
0.565014, -1.333860
0.582584, -1.324306
0.517804, -1.227978
0.509101, -1.232902
0.526507, -1.223054
0.459709, -1.128067
0.451130, -1.133205
0.468288, -1.122929
0.398843, -1.029821
0.390428, -1.035224
0.407258, -1.024418
0.334640, -0.933725
0.326432, -0.939437
0.342848, -0.928013
0.266688, -0.840244
0.258726, -0.846295
0.274650, -0.834193
0.194677, -0.749855
0.187006, -0.756270
0.202348, -0.743440
0.118298, -0.663129
0.110972, -0.669935
0.125624, -0.656323
0.037202, -0.580803
0.030305, -0.588044
0.044099, -0.573562
-0.049458, -0.504374
-0.055755, -0.512142
-0.043161, -0.496606
-0.142583, -0.435994
-0.148088, -0.444342
-0.137078, -0.427646
-0.242400, -0.377848
-0.246921, -0.386768
-0.237879, -0.368928
-0.348557, -0.332337
-0.351883, -0.341768
-0.345231, -0.322906
-0.459836, -0.301427
-0.461841, -0.311224
-0.457831, -0.291630
-0.574325, -0.286244
-0.574967, -0.296223
-0.573683, -0.276265
-0.689843, -0.285553
-0.689363, -0.295541
-0.690323, -0.275565
-0.804871, -0.296438
-0.803518, -0.306346
-0.806224, -0.286530
-0.918923, -0.315090
-0.917131, -0.324928
-0.920715, -0.305252
-1.032654, -0.335649
-1.031112, -0.345529
-1.034196, -0.325769
-1.147777, -0.340530
-1.149038, -0.350450
-1.146516, -0.330610
-1.252597, -0.295631
-1.259079, -0.303246
-1.246115, -0.288016
-1.313831, -0.199429
-1.323460, -0.202129
-1.304202, -0.196729
-1.324504, -0.085013
-1.334488, -0.084457
-1.314519, -0.085570
-1.306875, 0.029064
-1.316609, 0.031354
-1.297141, 0.026774
-1.273047, 0.139510
-1.282412, 0.143016
-1.263682, 0.136004
-1.226712, 0.245337
-1.235632, 0.249857
-1.217792, 0.240817
-1.168077, 0.344853
-1.176332, 0.350497
-1.159822, 0.339209
-1.096205, 0.435252
-1.103560, 0.442027
-1.088850, 0.428477
-1.011867, 0.514140
-1.018127, 0.521938
-1.005607, 0.506342
-0.916326, 0.578979
-0.921235, 0.587691
-0.911417, 0.570267
-0.811101, 0.626455
-0.814367, 0.635907
-0.807835, 0.617003
-0.698983, 0.653915
-0.700442, 0.663808
-0.697524, 0.644022
-0.583706, 0.659673
-0.583241, 0.669662
-0.584171, 0.649684
-0.469452, 0.643293
-0.467090, 0.653010
-0.471814, 0.633576
-0.360302, 0.605714
-0.356221, 0.614843
-0.364383, 0.596585
-0.259037, 0.550224
-0.253567, 0.558595
-0.264507, 0.541853
-0.166978, 0.480470
-0.160432, 0.488030
-0.173524, 0.472910
-0.084047, 0.400041
-0.076718, 0.406845
-0.091376, 0.393237
-0.009317, 0.311915
-0.001430, 0.318062
-0.017204, 0.305768
0.058532, 0.218372
0.066811, 0.223981
0.050253, 0.212763
0.120605, 0.120895
0.129180, 0.126040
0.112030, 0.115750
0.177770, 0.020455
0.186564, 0.025217
0.168976, 0.015693
0.231025, -0.082116
0.239971, -0.077647
0.222079, -0.086585
0.281346, -0.186160
0.290400, -0.181914
0.272292, -0.190406
0.329351, -0.291294
0.338486, -0.287225
0.320216, -0.295363
0.375546, -0.397236
0.384741, -0.393305
0.366351, -0.401167
0.420362, -0.503769
0.429600, -0.499940
0.411124, -0.507598
0.464160, -0.610726
0.473429, -0.606972
0.454891, -0.614480
0.507208, -0.717986
0.516500, -0.714291
0.497916, -0.721681
0.549551, -0.825526
0.558869, -0.821895
0.540233, -0.829157
0.591122, -0.933368
0.600465, -0.929804
0.581779, -0.936932
0.631959, -1.041489
0.641325, -1.037985
0.622593, -1.044993
0.672163, -1.149847
0.681547, -1.146392
0.662779, -1.153302
0.711882, -1.258385
0.721279, -1.254966
0.702485, -1.261804
0.751188, -1.367072
0.760599, -1.363690
0.741777, -1.370454
0.789996, -1.475938
0.799426, -1.472611
0.780566, -1.479265
0.827806, -1.585155
0.837279, -1.581951
0.818333, -1.588359
0.863778, -1.694989
0.873314, -1.691979
0.854242, -1.697999
0.897155, -1.805638
0.906758, -1.802848
0.887552, -1.808428
