0.846531, -1.833749
0.793131, -1.737234
0.737094, -1.634600
0.682815, -1.533035
0.628512, -1.430881
0.573812, -1.329107
0.517811, -1.227991
0.459718, -1.128082
0.398851, -1.029833
0.334648, -0.933736
0.266696, -0.840254
0.194683, -0.749862
0.118308, -0.663139
0.037206, -0.580807
-0.049453, -0.504378
-0.142575, -0.435999
-0.242401, -0.377848
-0.348545, -0.332341
-0.459849, -0.301424
-0.574307, -0.286245
-0.689861, -0.285554
-0.804849, -0.296435
-0.918979, -0.315100
-1.032646, -0.335648
-1.147700, -0.340540
-1.252617, -0.295614
-1.313901, -0.199195
-1.324508, -0.085084
-1.306885, 0.029023
-1.273039, 0.139532
-1.226717, 0.245328
-1.168075, 0.344856
-1.096205, 0.435252
-1.011866, 0.514141
-0.916331, 0.578976
-0.811090, 0.626459
-0.698992, 0.653914
-0.583698, 0.659673
-0.469458, 0.643295
-0.360300, 0.605713
-0.259038, 0.550224
-0.166977, 0.480469
-0.084048, 0.400042
-0.009314, 0.311911
0.058532, 0.218373
0.120607, 0.120892
0.177772, 0.020452
0.231027, -0.082120
0.281348, -0.186165
0.329353, -0.291299
0.375549, -0.397243
0.420365, -0.503776
0.464164, -0.610736
0.507212, -0.717996
0.549556, -0.825538
0.591127, -0.933381
0.631965, -1.041504
0.672169, -1.149863
0.711890, -1.258408
0.751192, -1.367082
0.790025, -1.476019
0.827763, -1.585023
0.864012, -1.695635
0.896851, -1.803272
