0.862782 -1.829257 0.000000
0.862782 -1.829257 -0.010000
0.862782 -1.829257 0.010000
0.862782 -1.829257 1.000000
0.862782 -1.829257 1.010000
0.862782 -1.829257 0.990000
0.764815 -1.653085 0.000000
0.764815 -1.653085 -0.010000
0.764815 -1.653085 0.010000
0.764815 -1.653085 1.000000
0.764815 -1.653085 1.010000
0.764815 -1.653085 0.990000
0.509876 -1.102057 0.000000
0.509876 -1.102057 -0.010000
0.509876 -1.102057 0.010000
0.509876 -1.102057 1.000000
0.509876 -1.102057 1.010000
0.509876 -1.102057 0.990000
0.849794 -1.836761 0.049383
0.841135 -1.841763 0.049383
0.858453 -1.831759 0.049383
0.849794 -1.836761 0.148148
0.841135 -1.841763 0.148148
0.858453 -1.831759 0.148148
0.849794 -1.836761 0.246914
0.841135 -1.841763 0.246914
0.858453 -1.831759 0.246914
0.849794 -1.836761 0.345679
0.841135 -1.841763 0.345679
0.858453 -1.831759 0.345679
0.849794 -1.836761 0.444444
0.841135 -1.841763 0.444444
0.858453 -1.831759 0.444444
0.849794 -1.836761 0.543210
0.841135 -1.841763 0.543210
0.858453 -1.831759 0.543210
0.849794 -1.836761 0.641975
0.841135 -1.841763 0.641975
0.858453 -1.831759 0.641975
0.849794 -1.836761 0.740741
0.841135 -1.841763 0.740741
0.858453 -1.831759 0.740741
0.849794 -1.836761 0.839506
0.841135 -1.841763 0.839506
0.858453 -1.831759 0.839506
0.849794 -1.836761 0.938272
0.841135 -1.841763 0.938272
0.858453 -1.831759 0.938272
0.805789 -1.728995 0.000000
0.805789 -1.728995 -0.010000
0.805789 -1.728995 0.010000
0.805789 -1.728995 1.000000
0.805789 -1.728995 1.010000
0.805789 -1.728995 0.990000
0.713412 -1.562657 0.000000
0.713412 -1.562657 -0.010000
0.713412 -1.562657 0.010000
0.713412 -1.562657 1.000000
0.713412 -1.562657 1.010000
0.713412 -1.562657 0.990000
0.475608 -1.041771 0.000000
0.475608 -1.041771 -0.010000
0.475608 -1.041771 0.010000
0.475608 -1.041771 1.000000
0.475608 -1.041771 1.010000
0.475608 -1.041771 0.990000
0.792680 -1.736285 0.049383
0.783941 -1.741145 0.049383
0.801419 -1.731425 0.049383
0.792680 -1.736285 0.148148
0.783941 -1.741145 0.148148
0.801419 -1.731425 0.148148
0.792680 -1.736285 0.246914
0.783941 -1.741145 0.246914
0.801419 -1.731425 0.246914
0.792680 -1.736285 0.345679
0.783941 -1.741145 0.345679
0.801419 -1.731425 0.345679
0.792680 -1.736285 0.444444
0.783941 -1.741145 0.444444
0.801419 -1.731425 0.444444
0.792680 -1.736285 0.543210
0.783941 -1.741145 0.543210
0.801419 -1.731425 0.543210
0.792680 -1.736285 0.641975
0.783941 -1.741145 0.641975
0.801419 -1.731425 0.641975
0.792680 -1.736285 0.740741
0.783941 -1.741145 0.740741
0.801419 -1.731425 0.740741
0.792680 -1.736285 0.839506
0.783941 -1.741145 0.839506
0.801419 -1.731425 0.839506
0.792680 -1.736285 0.938272
0.783941 -1.741145 0.938272
0.801419 -1.731425 0.938272
0.750452 -1.627754 0.000000
0.750452 -1.627754 -0.010000
0.750452 -1.627754 0.010000
0.750452 -1.627754 1.000000
0.750452 -1.627754 1.010000
0.750452 -1.627754 0.990000
0.663522 -1.471383 0.000000
0.663522 -1.471383 -0.010000
0.663522 -1.471383 0.010000
0.663522 -1.471383 1.000000
0.663522 -1.471383 1.010000
0.663522 -1.471383 0.990000
0.442348 -0.980922 0.000000
0.442348 -0.980922 -0.010000
0.442348 -0.980922 0.010000
0.442348 -0.980922 1.000000
0.442348 -0.980922 1.010000
0.442348 -0.980922 0.990000
0.737247 -1.634870 0.049383
0.728444 -1.639614 0.049383
0.746050 -1.630126 0.049383
0.737247 -1.634870 0.148148
0.728444 -1.639614 0.148148
0.746050 -1.630126 0.148148
0.737247 -1.634870 0.246914
0.728444 -1.639614 0.246914
0.746050 -1.630126 0.246914
0.737247 -1.634870 0.345679
0.728444 -1.639614 0.345679
0.746050 -1.630126 0.345679
0.737247 -1.634870 0.444444
0.728444 -1.639614 0.444444
0.746050 -1.630126 0.444444
0.737247 -1.634870 0.543210
0.728444 -1.639614 0.543210
0.746050 -1.630126 0.543210
0.737247 -1.634870 0.641975
0.728444 -1.639614 0.641975
0.746050 -1.630126 0.641975
0.737247 -1.634870 0.740741
0.728444 -1.639614 0.740741
0.746050 -1.630126 0.740741
0.737247 -1.634870 0.839506
0.728444 -1.639614 0.839506
0.746050 -1.630126 0.839506
0.737247 -1.634870 0.938272
0.728444 -1.639614 0.938272
0.746050 -1.630126 0.938272
0.696010 -1.525899 0.000000
0.696010 -1.525899 -0.010000
0.696010 -1.525899 0.010000
0.696010 -1.525899 1.000000
0.696010 -1.525899 1.010000
0.696010 -1.525899 0.990000
0.614488 -1.379646 0.000000
0.614488 -1.379646 -0.010000
0.614488 -1.379646 0.010000
0.614488 -1.379646 1.000000
0.614488 -1.379646 1.010000
0.614488 -1.379646 0.990000
0.409659 -0.919764 0.000000
0.409659 -0.919764 -0.010000
0.409659 -0.919764 0.010000
0.409659 -0.919764 1.000000
0.409659 -0.919764 1.010000
0.409659 -0.919764 0.990000
0.682765 -1.532940 0.049383
0.673935 -1.537634 0.049383
0.691595 -1.528246 0.049383
0.682765 -1.532940 0.148148
0.673935 -1.537634 0.148148
0.691595 -1.528246 0.148148
0.682765 -1.532940 0.246914
0.673935 -1.537634 0.246914
0.691595 -1.528246 0.246914
0.682765 -1.532940 0.345679
0.673935 -1.537634 0.345679
0.691595 -1.528246 0.345679
0.682765 -1.532940 0.444444
0.673935 -1.537634 0.444444
0.691595 -1.528246 0.444444
0.682765 -1.532940 0.543210
0.673935 -1.537634 0.543210
0.691595 -1.528246 0.543210
0.682765 -1.532940 0.641975
0.673935 -1.537634 0.641975
0.691595 -1.528246 0.641975
0.682765 -1.532940 0.740741
0.673935 -1.537634 0.740741
0.691595 -1.528246 0.740741
0.682765 -1.532940 0.839506
0.673935 -1.537634 0.839506
0.691595 -1.528246 0.839506
0.682765 -1.532940 0.938272
0.673935 -1.537634 0.938272
0.691595 -1.528246 0.938272
0.641752 -1.423832 0.000000
0.641752 -1.423832 -0.010000
0.641752 -1.423832 0.010000
0.641752 -1.423832 1.000000
0.641752 -1.423832 1.010000
0.641752 -1.423832 0.990000
0.565664 -1.287798 0.000000
0.565664 -1.287798 -0.010000
0.565664 -1.287798 0.010000
0.565664 -1.287798 1.000000
0.565664 -1.287798 1.010000
0.565664 -1.287798 0.990000
0.377109 -0.858532 0.000000
0.377109 -0.858532 -0.010000
0.377109 -0.858532 0.010000
0.377109 -0.858532 1.000000
0.377109 -0.858532 1.010000
0.377109 -0.858532 0.990000
0.628515 -1.430887 0.049383
0.619690 -1.435591 0.049383
0.637340 -1.426183 0.049383
0.628515 -1.430887 0.148148
0.619690 -1.435591 0.148148
0.637340 -1.426183 0.148148
0.628515 -1.430887 0.246914
0.619690 -1.435591 0.246914
0.637340 -1.426183 0.246914
0.628515 -1.430887 0.345679
0.619690 -1.435591 0.345679
0.637340 -1.426183 0.345679
0.628515 -1.430887 0.444444
0.619690 -1.435591 0.444444
0.637340 -1.426183 0.444444
0.628515 -1.430887 0.543210
0.619690 -1.435591 0.543210
0.637340 -1.426183 0.543210
0.628515 -1.430887 0.641975
0.619690 -1.435591 0.641975
0.637340 -1.426183 0.641975
0.628515 -1.430887 0.740741
0.619690 -1.435591 0.740741
0.637340 -1.426183 0.740741
0.628515 -1.430887 0.839506
0.619690 -1.435591 0.839506
0.637340 -1.426183 0.839506
0.628515 -1.430887 0.938272
0.619690 -1.435591 0.938272
0.637340 -1.426183 0.938272
0.586977 -1.321917 0.000000
0.586977 -1.321917 -0.010000
0.586977 -1.321917 0.010000
0.586977 -1.321917 1.000000
0.586977 -1.321917 1.010000
0.586977 -1.321917 0.990000
0.516419 -1.196175 0.000000
0.516419 -1.196175 -0.010000
0.516419 -1.196175 0.010000
0.516419 -1.196175 1.000000
0.516419 -1.196175 1.010000
0.516419 -1.196175 0.990000
0.344279 -0.797450 0.000000
0.344279 -0.797450 -0.010000
0.344279 -0.797450 0.010000
0.344279 -0.797450 1.000000
0.344279 -0.797450 1.010000
0.344279 -0.797450 0.990000
0.573799 -1.329083 0.049383
0.565014 -1.333860 0.049383
0.582584 -1.324306 0.049383
0.573799 -1.329083 0.148148
0.565014 -1.333860 0.148148
0.582584 -1.324306 0.148148
0.573799 -1.329083 0.246914
0.565014 -1.333860 0.246914
0.582584 -1.324306 0.246914
0.573799 -1.329083 0.345679
0.565014 -1.333860 0.345679
0.582584 -1.324306 0.345679
0.573799 -1.329083 0.444444
0.565014 -1.333860 0.444444
0.582584 -1.324306 0.444444
0.573799 -1.329083 0.543210
0.565014 -1.333860 0.543210
0.582584 -1.324306 0.543210
0.573799 -1.329083 0.641975
0.565014 -1.333860 0.641975
0.582584 -1.324306 0.641975
0.573799 -1.329083 0.740741
0.565014 -1.333860 0.740741
0.582584 -1.324306 0.740741
0.573799 -1.329083 0.839506
0.565014 -1.333860 0.839506
0.582584 -1.324306 0.839506
0.573799 -1.329083 0.938272
0.565014 -1.333860 0.938272
0.582584 -1.324306 0.938272
0.530859 -1.220591 0.000000
0.530859 -1.220591 -0.010000
0.530859 -1.220591 0.010000
0.530859 -1.220591 1.000000
0.530859 -1.220591 1.010000
0.530859 -1.220591 0.990000
0.466024 -1.105180 0.000000
0.466024 -1.105180 -0.010000
0.466024 -1.105180 0.010000
0.466024 -1.105180 1.000000
0.466024 -1.105180 1.010000
0.466024 -1.105180 0.990000
0.310682 -0.736787 0.000000
0.310682 -0.736787 -0.010000
0.310682 -0.736787 0.010000
0.310682 -0.736787 1.000000
0.310682 -0.736787 1.010000
0.310682 -0.736787 0.990000
0.517804 -1.227978 0.049383
0.509101 -1.232902 0.049383
0.526507 -1.223054 0.049383
0.517804 -1.227978 0.148148
0.509101 -1.232902 0.148148
0.526507 -1.223054 0.148148
0.517804 -1.227978 0.246914
0.509101 -1.232902 0.246914
0.526507 -1.223054 0.246914
0.517804 -1.227978 0.345679
0.509101 -1.232902 0.345679
0.526507 -1.223054 0.345679
0.517804 -1.227978 0.444444
0.509101 -1.232902 0.444444
0.526507 -1.223054 0.444444
0.517804 -1.227978 0.543210
0.509101 -1.232902 0.543210
0.526507 -1.223054 0.543210
0.517804 -1.227978 0.641975
0.509101 -1.232902 0.641975
0.526507 -1.223054 0.641975
0.517804 -1.227978 0.740741
0.509101 -1.232902 0.740741
0.526507 -1.223054 0.740741
0.517804 -1.227978 0.839506
0.509101 -1.232902 0.839506
0.526507 -1.223054 0.839506
0.517804 -1.227978 0.938272
0.509101 -1.232902 0.938272
0.526507 -1.223054 0.938272
0.472578 -1.120360 0.000000
0.472578 -1.120360 -0.010000
0.472578 -1.120360 0.010000
0.472578 -1.120360 1.000000
0.472578 -1.120360 1.010000
0.472578 -1.120360 0.990000
0.413738 -1.015260 0.000000
0.413738 -1.015260 -0.010000
0.413738 -1.015260 0.010000
0.413738 -1.015260 1.000000
0.413738 -1.015260 1.010000
0.413738 -1.015260 0.990000
0.275825 -0.676840 0.000000
0.275825 -0.676840 -0.010000
0.275825 -0.676840 0.010000
0.275825 -0.676840 1.000000
0.275825 -0.676840 1.010000
0.275825 -0.676840 0.990000
0.459709 -1.128067 0.049383
0.451130 -1.133205 0.049383
0.468288 -1.122929 0.049383
0.459709 -1.128067 0.148148
0.451130 -1.133205 0.148148
0.468288 -1.122929 0.148148
0.459709 -1.128067 0.246914
0.451130 -1.133205 0.246914
0.468288 -1.122929 0.246914
0.459709 -1.128067 0.345679
0.451130 -1.133205 0.345679
0.468288 -1.122929 0.345679
0.459709 -1.128067 0.444444
0.451130 -1.133205 0.444444
0.468288 -1.122929 0.444444
0.459709 -1.128067 0.543210
0.451130 -1.133205 0.543210
0.468288 -1.122929 0.543210
0.459709 -1.128067 0.641975
0.451130 -1.133205 0.641975
0.468288 -1.122929 0.641975
0.459709 -1.128067 0.740741
0.451130 -1.133205 0.740741
0.468288 -1.122929 0.740741
0.459709 -1.128067 0.839506
0.451130 -1.133205 0.839506
0.468288 -1.122929 0.839506
0.459709 -1.128067 0.938272
0.451130 -1.133205 0.938272
0.468288 -1.122929 0.938272
0.411465 -1.021716 0.000000
0.411465 -1.021716 -0.010000
0.411465 -1.021716 0.010000
0.411465 -1.021716 1.000000
0.411465 -1.021716 1.010000
0.411465 -1.021716 0.990000
0.358959 -0.926839 0.000000
0.358959 -0.926839 -0.010000
0.358959 -0.926839 0.010000
0.358959 -0.926839 1.000000
0.358959 -0.926839 1.010000
0.358959 -0.926839 0.990000
0.239306 -0.617893 0.000000
0.239306 -0.617893 -0.010000
0.239306 -0.617893 0.010000
0.239306 -0.617893 1.000000
0.239306 -0.617893 1.010000
0.239306 -0.617893 0.990000
0.398843 -1.029821 0.049383
0.390428 -1.035224 0.049383
0.407258 -1.024418 0.049383
0.398843 -1.029821 0.148148
0.390428 -1.035224 0.148148
0.407258 -1.024418 0.148148
0.398843 -1.029821 0.246914
0.390428 -1.035224 0.246914
0.407258 -1.024418 0.246914
0.398843 -1.029821 0.345679
0.390428 -1.035224 0.345679
0.407258 -1.024418 0.345679
0.398843 -1.029821 0.444444
0.390428 -1.035224 0.444444
0.407258 -1.024418 0.444444
0.398843 -1.029821 0.543210
0.390428 -1.035224 0.543210
0.407258 -1.024418 0.543210
0.398843 -1.029821 0.641975
0.390428 -1.035224 0.641975
0.407258 -1.024418 0.641975
0.398843 -1.029821 0.740741
0.390428 -1.035224 0.740741
0.407258 -1.024418 0.740741
0.398843 -1.029821 0.839506
0.390428 -1.035224 0.839506
0.407258 -1.024418 0.839506
0.398843 -1.029821 0.938272
0.390428 -1.035224 0.938272
0.407258 -1.024418 0.938272
0.346952 -0.925156 0.000000
0.346952 -0.925156 -0.010000
0.346952 -0.925156 0.010000
0.346952 -0.925156 1.000000
0.346952 -0.925156 1.010000
0.346952 -0.925156 0.990000
0.301176 -0.840353 0.000000
0.301176 -0.840353 -0.010000
0.301176 -0.840353 0.010000
0.301176 -0.840353 1.000000
0.301176 -0.840353 1.010000
0.301176 -0.840353 0.990000
0.200784 -0.560235 0.000000
0.200784 -0.560235 -0.010000
0.200784 -0.560235 0.010000
0.200784 -0.560235 1.000000
0.200784 -0.560235 1.010000
0.200784 -0.560235 0.990000
0.334640 -0.933725 0.049383
0.326432 -0.939437 0.049383
0.342848 -0.928013 0.049383
0.334640 -0.933725 0.148148
0.326432 -0.939437 0.148148
0.342848 -0.928013 0.148148
0.334640 -0.933725 0.246914
0.326432 -0.939437 0.246914
0.342848 -0.928013 0.246914
0.334640 -0.933725 0.345679
0.326432 -0.939437 0.345679
0.342848 -0.928013 0.345679
0.334640 -0.933725 0.444444
0.326432 -0.939437 0.444444
0.342848 -0.928013 0.444444
0.334640 -0.933725 0.543210
0.326432 -0.939437 0.543210
0.342848 -0.928013 0.543210
0.334640 -0.933725 0.641975
0.326432 -0.939437 0.641975
0.342848 -0.928013 0.641975
0.334640 -0.933725 0.740741
0.326432 -0.939437 0.740741
0.342848 -0.928013 0.740741
0.334640 -0.933725 0.839506
0.326432 -0.939437 0.839506
0.342848 -0.928013 0.839506
0.334640 -0.933725 0.938272
0.326432 -0.939437 0.938272
0.342848 -0.928013 0.938272
0.278630 -0.831168 0.000000
0.278630 -0.831168 -0.010000
0.278630 -0.831168 0.010000
0.278630 -0.831168 1.000000
0.278630 -0.831168 1.010000
0.278630 -0.831168 0.990000
0.240019 -0.756220 0.000000
0.240019 -0.756220 -0.010000
0.240019 -0.756220 0.010000
0.240019 -0.756220 1.000000
0.240019 -0.756220 1.010000
0.240019 -0.756220 0.990000
0.160013 -0.504146 0.000000
0.160013 -0.504146 -0.010000
0.160013 -0.504146 0.010000
0.160013 -0.504146 1.000000
0.160013 -0.504146 1.010000
0.160013 -0.504146 0.990000
0.266688 -0.840244 0.049383
0.258726 -0.846295 0.049383
0.274650 -0.834193 0.049383
0.266688 -0.840244 0.148148
0.258726 -0.846295 0.148148
0.274650 -0.834193 0.148148
0.266688 -0.840244 0.246914
0.258726 -0.846295 0.246914
0.274650 -0.834193 0.246914
0.266688 -0.840244 0.345679
0.258726 -0.846295 0.345679
0.274650 -0.834193 0.345679
0.266688 -0.840244 0.444444
0.258726 -0.846295 0.444444
0.274650 -0.834193 0.444444
0.266688 -0.840244 0.543210
0.258726 -0.846295 0.543210
0.274650 -0.834193 0.543210
0.266688 -0.840244 0.641975
0.258726 -0.846295 0.641975
0.274650 -0.834193 0.641975
0.266688 -0.840244 0.740741
0.258726 -0.846295 0.740741
0.274650 -0.834193 0.740741
0.266688 -0.840244 0.839506
0.258726 -0.846295 0.839506
0.274650 -0.834193 0.839506
0.266688 -0.840244 0.938272
0.258726 -0.846295 0.938272
0.274650 -0.834193 0.938272
0.206184 -0.740233 0.000000
0.206184 -0.740233 -0.010000
0.206184 -0.740233 0.010000
0.206184 -0.740233 1.000000
0.206184 -0.740233 1.010000
0.206184 -0.740233 0.990000
0.175209 -0.674870 0.000000
0.175209 -0.674870 -0.010000
0.175209 -0.674870 0.010000
0.175209 -0.674870 1.000000
0.175209 -0.674870 1.010000
0.175209 -0.674870 0.990000
0.116806 -0.449913 0.000000
0.116806 -0.449913 -0.010000
0.116806 -0.449913 0.010000
0.116806 -0.449913 1.000000
0.116806 -0.449913 1.010000
0.116806 -0.449913 0.990000
0.194677 -0.749855 0.049383
0.187006 -0.756270 0.049383
0.202348 -0.743440 0.049383
0.194677 -0.749855 0.148148
0.187006 -0.756270 0.148148
0.202348 -0.743440 0.148148
0.194677 -0.749855 0.246914
0.187006 -0.756270 0.246914
0.202348 -0.743440 0.246914
0.194677 -0.749855 0.345679
0.187006 -0.756270 0.345679
0.202348 -0.743440 0.345679
0.194677 -0.749855 0.444444
0.187006 -0.756270 0.444444
0.202348 -0.743440 0.444444
0.194677 -0.749855 0.543210
0.187006 -0.756270 0.543210
0.202348 -0.743440 0.543210
0.194677 -0.749855 0.641975
0.187006 -0.756270 0.641975
0.202348 -0.743440 0.641975
0.194677 -0.749855 0.740741
0.187006 -0.756270 0.740741
0.202348 -0.743440 0.740741
0.194677 -0.749855 0.839506
0.187006 -0.756270 0.839506
0.202348 -0.743440 0.839506
0.194677 -0.749855 0.938272
0.187006 -0.756270 0.938272
0.202348 -0.743440 0.938272
0.129287 -0.652919 0.000000
0.129287 -0.652919 -0.010000
0.129287 -0.652919 0.010000
0.129287 -0.652919 1.000000
0.129287 -0.652919 1.010000
0.129287 -0.652919 0.990000
0.106468 -0.596816 0.000000
0.106468 -0.596816 -0.010000
0.106468 -0.596816 0.010000
0.106468 -0.596816 1.000000
0.106468 -0.596816 1.010000
0.106468 -0.596816 0.990000
0.070979 -0.397877 0.000000
0.070979 -0.397877 -0.010000
0.070979 -0.397877 0.010000
0.070979 -0.397877 1.000000
0.070979 -0.397877 1.010000
0.070979 -0.397877 0.990000
0.118298 -0.663129 0.049383
0.110972 -0.669935 0.049383
0.125624 -0.656323 0.049383
0.118298 -0.663129 0.148148
0.110972 -0.669935 0.148148
0.125624 -0.656323 0.148148
0.118298 -0.663129 0.246914
0.110972 -0.669935 0.246914
0.125624 -0.656323 0.246914
0.118298 -0.663129 0.345679
0.110972 -0.669935 0.345679
0.125624 -0.656323 0.345679
0.118298 -0.663129 0.444444
0.110972 -0.669935 0.444444
0.125624 -0.656323 0.444444
0.118298 -0.663129 0.543210
0.110972 -0.669935 0.543210
0.125624 -0.656323 0.543210
0.118298 -0.663129 0.641975
0.110972 -0.669935 0.641975
0.125624 -0.656323 0.641975
0.118298 -0.663129 0.740741
0.110972 -0.669935 0.740741
0.125624 -0.656323 0.740741
0.118298 -0.663129 0.839506
0.110972 -0.669935 0.839506
0.125624 -0.656323 0.839506
0.118298 -0.663129 0.938272
0.110972 -0.669935 0.938272
0.125624 -0.656323 0.938272
0.047547 -0.569941 0.000000
0.047547 -0.569941 -0.010000
0.047547 -0.569941 0.010000
0.047547 -0.569941 1.000000
0.047547 -0.569941 1.010000
0.047547 -0.569941 0.990000
0.033482 -0.522723 0.000000
0.033482 -0.522723 -0.010000
0.033482 -0.522723 0.010000
0.033482 -0.522723 1.000000
0.033482 -0.522723 1.010000
0.033482 -0.522723 0.990000
0.022321 -0.348482 0.000000
0.022321 -0.348482 -0.010000
0.022321 -0.348482 0.010000
0.022321 -0.348482 1.000000
0.022321 -0.348482 1.010000
0.022321 -0.348482 0.990000
0.037202 -0.580803 0.049383
0.030305 -0.588044 0.049383
0.044099 -0.573562 0.049383
0.037202 -0.580803 0.148148
0.030305 -0.588044 0.148148
0.044099 -0.573562 0.148148
0.037202 -0.580803 0.246914
0.030305 -0.588044 0.246914
0.044099 -0.573562 0.246914
0.037202 -0.580803 0.345679
0.030305 -0.588044 0.345679
0.044099 -0.573562 0.345679
0.037202 -0.580803 0.444444
0.030305 -0.588044 0.444444
0.044099 -0.573562 0.444444
0.037202 -0.580803 0.543210
0.030305 -0.588044 0.543210
0.044099 -0.573562 0.543210
0.037202 -0.580803 0.641975
0.030305 -0.588044 0.641975
0.044099 -0.573562 0.641975
0.037202 -0.580803 0.740741
0.030305 -0.588044 0.740741
0.044099 -0.573562 0.740741
0.037202 -0.580803 0.839506
0.030305 -0.588044 0.839506
0.044099 -0.573562 0.839506
0.037202 -0.580803 0.938272
0.030305 -0.588044 0.938272
0.044099 -0.573562 0.938272
-0.040012 -0.492721 0.000000
-0.040012 -0.492721 -0.010000
-0.040012 -0.492721 0.010000
-0.040012 -0.492721 1.000000
-0.040012 -0.492721 1.010000
-0.040012 -0.492721 0.990000
-0.044512 -0.453937 0.000000
-0.044512 -0.453937 -0.010000
-0.044512 -0.453937 0.010000
-0.044512 -0.453937 1.000000
-0.044512 -0.453937 1.010000
-0.044512 -0.453937 0.990000
-0.029675 -0.302624 0.000000
-0.029675 -0.302624 -0.010000
-0.029675 -0.302624 0.010000
-0.029675 -0.302624 1.000000
-0.029675 -0.302624 1.010000
-0.029675 -0.302624 0.990000
-0.049458 -0.504374 0.049383
-0.055755 -0.512142 0.049383
-0.043161 -0.496606 0.049383
-0.049458 -0.504374 0.148148
-0.055755 -0.512142 0.148148
-0.043161 -0.496606 0.148148
-0.049458 -0.504374 0.246914
-0.055755 -0.512142 0.246914
-0.043161 -0.496606 0.246914
-0.049458 -0.504374 0.345679
-0.055755 -0.512142 0.345679
-0.043161 -0.496606 0.345679
-0.049458 -0.504374 0.444444
-0.055755 -0.512142 0.444444
-0.043161 -0.496606 0.444444
-0.049458 -0.504374 0.543210
-0.055755 -0.512142 0.543210
-0.043161 -0.496606 0.543210
-0.049458 -0.504374 0.641975
-0.055755 -0.512142 0.641975
-0.043161 -0.496606 0.641975
-0.049458 -0.504374 0.740741
-0.055755 -0.512142 0.740741
-0.043161 -0.496606 0.740741
-0.049458 -0.504374 0.839506
-0.055755 -0.512142 0.839506
-0.043161 -0.496606 0.839506
-0.049458 -0.504374 0.938272
-0.055755 -0.512142 0.938272
-0.043161 -0.496606 0.938272
-0.134325 -0.423472 0.000000
-0.134325 -0.423472 -0.010000
-0.134325 -0.423472 0.010000
-0.134325 -0.423472 1.000000
-0.134325 -0.423472 1.010000
-0.134325 -0.423472 0.990000
-0.128325 -0.392395 0.000000
-0.128325 -0.392395 -0.010000
-0.128325 -0.392395 0.010000
-0.128325 -0.392395 1.000000
-0.128325 -0.392395 1.010000
-0.128325 -0.392395 0.990000
-0.085550 -0.261596 0.000000
-0.085550 -0.261596 -0.010000
-0.085550 -0.261596 0.010000
-0.085550 -0.261596 1.000000
-0.085550 -0.261596 1.010000
-0.085550 -0.261596 0.990000
-0.142583 -0.435994 0.049383
-0.148088 -0.444342 0.049383
-0.137078 -0.427646 0.049383
-0.142583 -0.435994 0.148148
-0.148088 -0.444342 0.148148
-0.137078 -0.427646 0.148148
-0.142583 -0.435994 0.246914
-0.148088 -0.444342 0.246914
-0.137078 -0.427646 0.246914
-0.142583 -0.435994 0.345679
-0.148088 -0.444342 0.345679
-0.137078 -0.427646 0.345679
-0.142583 -0.435994 0.444444
-0.148088 -0.444342 0.444444
-0.137078 -0.427646 0.444444
-0.142583 -0.435994 0.543210
-0.148088 -0.444342 0.543210
-0.137078 -0.427646 0.543210
-0.142583 -0.435994 0.641975
-0.148088 -0.444342 0.641975
-0.137078 -0.427646 0.641975
-0.142583 -0.435994 0.740741
-0.148088 -0.444342 0.740741
-0.137078 -0.427646 0.740741
-0.142583 -0.435994 0.839506
-0.148088 -0.444342 0.839506
-0.137078 -0.427646 0.839506
-0.142583 -0.435994 0.938272
-0.148088 -0.444342 0.938272
-0.137078 -0.427646 0.938272
-0.235618 -0.364468 0.000000
-0.235618 -0.364468 -0.010000
-0.235618 -0.364468 0.010000
-0.235618 -0.364468 1.000000
-0.235618 -0.364468 1.010000
-0.235618 -0.364468 0.990000
-0.218160 -0.340063 0.000000
-0.218160 -0.340063 -0.010000
-0.218160 -0.340063 0.010000
-0.218160 -0.340063 1.000000
-0.218160 -0.340063 1.010000
-0.218160 -0.340063 0.990000
-0.145440 -0.226709 0.000000
-0.145440 -0.226709 -0.010000
-0.145440 -0.226709 0.010000
-0.145440 -0.226709 1.000000
-0.145440 -0.226709 1.010000
-0.145440 -0.226709 0.990000
-0.242400 -0.377848 0.049383
-0.246921 -0.386768 0.049383
-0.237879 -0.368928 0.049383
-0.242400 -0.377848 0.148148
-0.246921 -0.386768 0.148148
-0.237879 -0.368928 0.148148
-0.242400 -0.377848 0.246914
-0.246921 -0.386768 0.246914
-0.237879 -0.368928 0.246914
-0.242400 -0.377848 0.345679
-0.246921 -0.386768 0.345679
-0.237879 -0.368928 0.345679
-0.242400 -0.377848 0.444444
-0.246921 -0.386768 0.444444
-0.237879 -0.368928 0.444444
-0.242400 -0.377848 0.543210
-0.246921 -0.386768 0.543210
-0.237879 -0.368928 0.543210
-0.242400 -0.377848 0.641975
-0.246921 -0.386768 0.641975
-0.237879 -0.368928 0.641975
-0.242400 -0.377848 0.740741
-0.246921 -0.386768 0.740741
-0.237879 -0.368928 0.740741
-0.242400 -0.377848 0.839506
-0.246921 -0.386768 0.839506
-0.237879 -0.368928 0.839506
-0.242400 -0.377848 0.938272
-0.246921 -0.386768 0.938272
-0.237879 -0.368928 0.938272
-0.343568 -0.318191 0.000000
-0.343568 -0.318191 -0.010000
-0.343568 -0.318191 0.010000
-0.343568 -0.318191 1.000000
-0.343568 -0.318191 1.010000
-0.343568 -0.318191 0.990000
-0.313701 -0.299103 0.000000
-0.313701 -0.299103 -0.010000
-0.313701 -0.299103 0.010000
-0.313701 -0.299103 1.000000
-0.313701 -0.299103 1.010000
-0.313701 -0.299103 0.990000
-0.209134 -0.199402 0.000000
-0.209134 -0.199402 -0.010000
-0.209134 -0.199402 0.010000
-0.209134 -0.199402 1.000000
-0.209134 -0.199402 1.010000
-0.209134 -0.199402 0.990000
-0.348557 -0.332337 0.049383
-0.351883 -0.341768 0.049383
-0.345231 -0.322906 0.049383
-0.348557 -0.332337 0.148148
-0.351883 -0.341768 0.148148
-0.345231 -0.322906 0.148148
-0.348557 -0.332337 0.246914
-0.351883 -0.341768 0.246914
-0.345231 -0.322906 0.246914
-0.348557 -0.332337 0.345679
-0.351883 -0.341768 0.345679
-0.345231 -0.322906 0.345679
-0.348557 -0.332337 0.444444
-0.351883 -0.341768 0.444444
-0.345231 -0.322906 0.444444
-0.348557 -0.332337 0.543210
-0.351883 -0.341768 0.543210
-0.345231 -0.322906 0.543210
-0.348557 -0.332337 0.641975
-0.351883 -0.341768 0.641975
-0.345231 -0.322906 0.641975
-0.348557 -0.332337 0.740741
-0.351883 -0.341768 0.740741
-0.345231 -0.322906 0.740741
-0.348557 -0.332337 0.839506
-0.351883 -0.341768 0.839506
-0.345231 -0.322906 0.839506
-0.348557 -0.332337 0.938272
-0.351883 -0.341768 0.938272
-0.345231 -0.322906 0.938272
-0.456829 -0.286732 0.000000
-0.456829 -0.286732 -0.010000
-0.456829 -0.286732 0.010000
-0.456829 -0.286732 1.000000
-0.456829 -0.286732 1.010000
-0.456829 -0.286732 0.990000
-0.413852 -0.271284 0.000000
-0.413852 -0.271284 -0.010000
-0.413852 -0.271284 0.010000
-0.413852 -0.271284 1.000000
-0.413852 -0.271284 1.010000
-0.413852 -0.271284 0.990000
-0.275902 -0.180856 0.000000
-0.275902 -0.180856 -0.010000
-0.275902 -0.180856 0.010000
-0.275902 -0.180856 1.000000
-0.275902 -0.180856 1.010000
-0.275902 -0.180856 0.990000
-0.459836 -0.301427 0.049383
-0.461841 -0.311224 0.049383
-0.457831 -0.291630 0.049383
-0.459836 -0.301427 0.148148
-0.461841 -0.311224 0.148148
-0.457831 -0.291630 0.148148
-0.459836 -0.301427 0.246914
-0.461841 -0.311224 0.246914
-0.457831 -0.291630 0.246914
-0.459836 -0.301427 0.345679
-0.461841 -0.311224 0.345679
-0.457831 -0.291630 0.345679
-0.459836 -0.301427 0.444444
-0.461841 -0.311224 0.444444
-0.457831 -0.291630 0.444444
-0.459836 -0.301427 0.543210
-0.461841 -0.311224 0.543210
-0.457831 -0.291630 0.543210
-0.459836 -0.301427 0.641975
-0.461841 -0.311224 0.641975
-0.457831 -0.291630 0.641975
-0.459836 -0.301427 0.740741
-0.461841 -0.311224 0.740741
-0.457831 -0.291630 0.740741
-0.459836 -0.301427 0.839506
-0.461841 -0.311224 0.839506
-0.457831 -0.291630 0.839506
-0.459836 -0.301427 0.938272
-0.461841 -0.311224 0.938272
-0.457831 -0.291630 0.938272
-0.573361 -0.271275 0.000000
-0.573361 -0.271275 -0.010000
-0.573361 -0.271275 0.010000
-0.573361 -0.271275 1.000000
-0.573361 -0.271275 1.010000
-0.573361 -0.271275 0.990000
-0.516892 -0.257620 0.000000
-0.516892 -0.257620 -0.010000
-0.516892 -0.257620 0.010000
-0.516892 -0.257620 1.000000
-0.516892 -0.257620 1.010000
-0.516892 -0.257620 0.990000
-0.344595 -0.171746 0.000000
-0.344595 -0.171746 -0.010000
-0.344595 -0.171746 0.010000
-0.344595 -0.171746 1.000000
-0.344595 -0.171746 1.010000
-0.344595 -0.171746 0.990000
-0.574325 -0.286244 0.049383
-0.574967 -0.296223 0.049383
-0.573683 -0.276265 0.049383
-0.574325 -0.286244 0.148148
-0.574967 -0.296223 0.148148
-0.573683 -0.276265 0.148148
-0.574325 -0.286244 0.246914
-0.574967 -0.296223 0.246914
-0.573683 -0.276265 0.246914
-0.574325 -0.286244 0.345679
-0.574967 -0.296223 0.345679
-0.573683 -0.276265 0.345679
-0.574325 -0.286244 0.444444
-0.574967 -0.296223 0.444444
-0.573683 -0.276265 0.444444
-0.574325 -0.286244 0.543210
-0.574967 -0.296223 0.543210
-0.573683 -0.276265 0.543210
-0.574325 -0.286244 0.641975
-0.574967 -0.296223 0.641975
-0.573683 -0.276265 0.641975
-0.574325 -0.286244 0.740741
-0.574967 -0.296223 0.740741
-0.573683 -0.276265 0.740741
-0.574325 -0.286244 0.839506
-0.574967 -0.296223 0.839506
-0.573683 -0.276265 0.839506
-0.574325 -0.286244 0.938272
-0.574967 -0.296223 0.938272
-0.573683 -0.276265 0.938272
-0.690563 -0.270570 0.000000
-0.690563 -0.270570 -0.010000
-0.690563 -0.270570 0.010000
-0.690563 -0.270570 1.000000
-0.690563 -0.270570 1.010000
-0.690563 -0.270570 0.990000
-0.620859 -0.256998 0.000000
-0.620859 -0.256998 -0.010000
-0.620859 -0.256998 0.010000
-0.620859 -0.256998 1.000000
-0.620859 -0.256998 1.010000
-0.620859 -0.256998 0.990000
-0.413906 -0.171332 0.000000
-0.413906 -0.171332 -0.010000
-0.413906 -0.171332 0.010000
-0.413906 -0.171332 1.000000
-0.413906 -0.171332 1.010000
-0.413906 -0.171332 0.990000
-0.689843 -0.285553 0.049383
-0.689363 -0.295541 0.049383
-0.690323 -0.275565 0.049383
-0.689843 -0.285553 0.148148
-0.689363 -0.295541 0.148148
-0.690323 -0.275565 0.148148
-0.689843 -0.285553 0.246914
-0.689363 -0.295541 0.246914
-0.690323 -0.275565 0.246914
-0.689843 -0.285553 0.345679
-0.689363 -0.295541 0.345679
-0.690323 -0.275565 0.345679
-0.689843 -0.285553 0.444444
-0.689363 -0.295541 0.444444
-0.690323 -0.275565 0.444444
-0.689843 -0.285553 0.543210
-0.689363 -0.295541 0.543210
-0.690323 -0.275565 0.543210
-0.689843 -0.285553 0.641975
-0.689363 -0.295541 0.641975
-0.690323 -0.275565 0.641975
-0.689843 -0.285553 0.740741
-0.689363 -0.295541 0.740741
-0.690323 -0.275565 0.740741
-0.689843 -0.285553 0.839506
-0.689363 -0.295541 0.839506
-0.690323 -0.275565 0.839506
-0.689843 -0.285553 0.938272
-0.689363 -0.295541 0.938272
-0.690323 -0.275565 0.938272
-0.806900 -0.281576 0.000000
-0.806900 -0.281576 -0.010000
-0.806900 -0.281576 0.010000
-0.806900 -0.281576 1.000000
-0.806900 -0.281576 1.010000
-0.806900 -0.281576 0.990000
-0.724384 -0.266794 0.000000
-0.724384 -0.266794 -0.010000
-0.724384 -0.266794 0.010000
-0.724384 -0.266794 1.000000
-0.724384 -0.266794 1.010000
-0.724384 -0.266794 0.990000
-0.482923 -0.177863 0.000000
-0.482923 -0.177863 -0.010000
-0.482923 -0.177863 0.010000
-0.482923 -0.177863 1.000000
-0.482923 -0.177863 1.010000
-0.482923 -0.177863 0.990000
-0.804871 -0.296438 0.049383
-0.803518 -0.306346 0.049383
-0.806224 -0.286530 0.049383
-0.804871 -0.296438 0.148148
-0.803518 -0.306346 0.148148
-0.806224 -0.286530 0.148148
-0.804871 -0.296438 0.246914
-0.803518 -0.306346 0.246914
-0.806224 -0.286530 0.246914
-0.804871 -0.296438 0.345679
-0.803518 -0.306346 0.345679
-0.806224 -0.286530 0.345679
-0.804871 -0.296438 0.444444
-0.803518 -0.306346 0.444444
-0.806224 -0.286530 0.444444
-0.804871 -0.296438 0.543210
-0.803518 -0.306346 0.543210
-0.806224 -0.286530 0.543210
-0.804871 -0.296438 0.641975
-0.803518 -0.306346 0.641975
-0.806224 -0.286530 0.641975
-0.804871 -0.296438 0.740741
-0.803518 -0.306346 0.740741
-0.806224 -0.286530 0.740741
-0.804871 -0.296438 0.839506
-0.803518 -0.306346 0.839506
-0.806224 -0.286530 0.839506
-0.804871 -0.296438 0.938272
-0.803518 -0.306346 0.938272
-0.806224 -0.286530 0.938272
-0.921612 -0.300333 0.000000
-0.921612 -0.300333 -0.010000
-0.921612 -0.300333 0.010000
-0.921612 -0.300333 1.000000
-0.921612 -0.300333 1.010000
-0.921612 -0.300333 0.990000
-0.827031 -0.283581 0.000000
-0.827031 -0.283581 -0.010000
-0.827031 -0.283581 0.010000
-0.827031 -0.283581 1.000000
-0.827031 -0.283581 1.010000
-0.827031 -0.283581 0.990000
-0.551354 -0.189054 0.000000
-0.551354 -0.189054 -0.010000
-0.551354 -0.189054 0.010000
-0.551354 -0.189054 1.000000
-0.551354 -0.189054 1.010000
-0.551354 -0.189054 0.990000
-0.918923 -0.315090 0.049383
-0.917131 -0.324928 0.049383
-0.920715 -0.305252 0.049383
-0.918923 -0.315090 0.148148
-0.917131 -0.324928 0.148148
-0.920715 -0.305252 0.148148
-0.918923 -0.315090 0.246914
-0.917131 -0.324928 0.246914
-0.920715 -0.305252 0.246914
-0.918923 -0.315090 0.345679
-0.917131 -0.324928 0.345679
-0.920715 -0.305252 0.345679
-0.918923 -0.315090 0.444444
-0.917131 -0.324928 0.444444
-0.920715 -0.305252 0.444444
-0.918923 -0.315090 0.543210
-0.917131 -0.324928 0.543210
-0.920715 -0.305252 0.543210
-0.918923 -0.315090 0.641975
-0.917131 -0.324928 0.641975
-0.920715 -0.305252 0.641975
-0.918923 -0.315090 0.740741
-0.917131 -0.324928 0.740741
-0.920715 -0.305252 0.740741
-0.918923 -0.315090 0.839506
-0.917131 -0.324928 0.839506
-0.920715 -0.305252 0.839506
-0.918923 -0.315090 0.938272
-0.917131 -0.324928 0.938272
-0.920715 -0.305252 0.938272
-1.034967 -0.320828 0.000000
-1.034967 -0.320828 -0.010000
-1.034967 -0.320828 0.010000
-1.034967 -0.320828 1.000000
-1.034967 -0.320828 1.010000
-1.034967 -0.320828 0.990000
-0.929389 -0.302084 0.000000
-0.929389 -0.302084 -0.010000
-0.929389 -0.302084 0.010000
-0.929389 -0.302084 1.000000
-0.929389 -0.302084 1.010000
-0.929389 -0.302084 0.990000
-0.619592 -0.201389 0.000000
-0.619592 -0.201389 -0.010000
-0.619592 -0.201389 0.010000
-0.619592 -0.201389 1.000000
-0.619592 -0.201389 1.010000
-0.619592 -0.201389 0.990000
-1.032654 -0.335649 0.049383
-1.031112 -0.345529 0.049383
-1.034196 -0.325769 0.049383
-1.032654 -0.335649 0.148148
-1.031112 -0.345529 0.148148
-1.034196 -0.325769 0.148148
-1.032654 -0.335649 0.246914
-1.031112 -0.345529 0.246914
-1.034196 -0.325769 0.246914
-1.032654 -0.335649 0.345679
-1.031112 -0.345529 0.345679
-1.034196 -0.325769 0.345679
-1.032654 -0.335649 0.444444
-1.031112 -0.345529 0.444444
-1.034196 -0.325769 0.444444
-1.032654 -0.335649 0.543210
-1.031112 -0.345529 0.543210
-1.034196 -0.325769 0.543210
-1.032654 -0.335649 0.641975
-1.031112 -0.345529 0.641975
-1.034196 -0.325769 0.641975
-1.032654 -0.335649 0.740741
-1.031112 -0.345529 0.740741
-1.034196 -0.325769 0.740741
-1.032654 -0.335649 0.839506
-1.031112 -0.345529 0.839506
-1.034196 -0.325769 0.839506
-1.032654 -0.335649 0.938272
-1.031112 -0.345529 0.938272
-1.034196 -0.325769 0.938272
-1.145885 -0.325650 0.000000
-1.145885 -0.325650 -0.010000
-1.145885 -0.325650 0.010000
-1.145885 -0.325650 1.000000
-1.145885 -0.325650 1.010000
-1.145885 -0.325650 0.990000
-1.032999 -0.306477 0.000000
-1.032999 -0.306477 -0.010000
-1.032999 -0.306477 0.010000
-1.032999 -0.306477 1.000000
-1.032999 -0.306477 1.010000
-1.032999 -0.306477 0.990000
-0.688666 -0.204318 0.000000
-0.688666 -0.204318 -0.010000
-0.688666 -0.204318 0.010000
-0.688666 -0.204318 1.000000
-0.688666 -0.204318 1.010000
-0.688666 -0.204318 0.990000
-1.147777 -0.340530 0.049383
-1.149038 -0.350450 0.049383
-1.146516 -0.330610 0.049383
-1.147777 -0.340530 0.148148
-1.149038 -0.350450 0.148148
-1.146516 -0.330610 0.148148
-1.147777 -0.340530 0.246914
-1.149038 -0.350450 0.246914
-1.146516 -0.330610 0.246914
-1.147777 -0.340530 0.345679
-1.149038 -0.350450 0.345679
-1.146516 -0.330610 0.345679
-1.147777 -0.340530 0.444444
-1.149038 -0.350450 0.444444
-1.146516 -0.330610 0.444444
-1.147777 -0.340530 0.543210
-1.149038 -0.350450 0.543210
-1.146516 -0.330610 0.543210
-1.147777 -0.340530 0.641975
-1.149038 -0.350450 0.641975
-1.146516 -0.330610 0.641975
-1.147777 -0.340530 0.740741
-1.149038 -0.350450 0.740741
-1.146516 -0.330610 0.740741
-1.147777 -0.340530 0.839506
-1.149038 -0.350450 0.839506
-1.146516 -0.330610 0.839506
-1.147777 -0.340530 0.938272
-1.149038 -0.350450 0.938272
-1.146516 -0.330610 0.938272
-1.242875 -0.284208 0.000000
-1.242875 -0.284208 -0.010000
-1.242875 -0.284208 0.010000
-1.242875 -0.284208 1.000000
-1.242875 -0.284208 1.010000
-1.242875 -0.284208 0.990000
-1.127337 -0.266068 0.000000
-1.127337 -0.266068 -0.010000
-1.127337 -0.266068 0.010000
-1.127337 -0.266068 1.000000
-1.127337 -0.266068 1.010000
-1.127337 -0.266068 0.990000
-0.751558 -0.177379 0.000000
-0.751558 -0.177379 -0.010000
-0.751558 -0.177379 0.010000
-0.751558 -0.177379 1.000000
-0.751558 -0.177379 1.010000
-0.751558 -0.177379 0.990000
-1.252597 -0.295631 0.049383
-1.259079 -0.303246 0.049383
-1.246115 -0.288016 0.049383
-1.252597 -0.295631 0.148148
-1.259079 -0.303246 0.148148
-1.246115 -0.288016 0.148148
-1.252597 -0.295631 0.246914
-1.259079 -0.303246 0.246914
-1.246115 -0.288016 0.246914
-1.252597 -0.295631 0.345679
-1.259079 -0.303246 0.345679
-1.246115 -0.288016 0.345679
-1.252597 -0.295631 0.444444
-1.259079 -0.303246 0.444444
-1.246115 -0.288016 0.444444
-1.252597 -0.295631 0.543210
-1.259079 -0.303246 0.543210
-1.246115 -0.288016 0.543210
-1.252597 -0.295631 0.641975
-1.259079 -0.303246 0.641975
-1.246115 -0.288016 0.641975
-1.252597 -0.295631 0.740741
-1.259079 -0.303246 0.740741
-1.246115 -0.288016 0.740741
-1.252597 -0.295631 0.839506
-1.259079 -0.303246 0.839506
-1.246115 -0.288016 0.839506
-1.252597 -0.295631 0.938272
-1.259079 -0.303246 0.938272
-1.246115 -0.288016 0.938272
-1.299388 -0.195378 0.000000
-1.299388 -0.195378 -0.010000
-1.299388 -0.195378 0.010000
-1.299388 -0.195378 1.000000
-1.299388 -0.195378 1.010000
-1.299388 -0.195378 0.990000
-1.182448 -0.179486 0.000000
-1.182448 -0.179486 -0.010000
-1.182448 -0.179486 0.010000
-1.182448 -0.179486 1.000000
-1.182448 -0.179486 1.010000
-1.182448 -0.179486 0.990000
-0.788299 -0.119657 0.000000
-0.788299 -0.119657 -0.010000
-0.788299 -0.119657 0.010000
-0.788299 -0.119657 1.000000
-0.788299 -0.119657 1.010000
-0.788299 -0.119657 0.990000
-1.313831 -0.199429 0.049383
-1.323460 -0.202129 0.049383
-1.304202 -0.196729 0.049383
-1.313831 -0.199429 0.148148
-1.323460 -0.202129 0.148148
-1.304202 -0.196729 0.148148
-1.313831 -0.199429 0.246914
-1.323460 -0.202129 0.246914
-1.304202 -0.196729 0.246914
-1.313831 -0.199429 0.345679
-1.323460 -0.202129 0.345679
-1.304202 -0.196729 0.345679
-1.313831 -0.199429 0.444444
-1.323460 -0.202129 0.444444
-1.304202 -0.196729 0.444444
-1.313831 -0.199429 0.543210
-1.323460 -0.202129 0.543210
-1.304202 -0.196729 0.543210
-1.313831 -0.199429 0.641975
-1.323460 -0.202129 0.641975
-1.304202 -0.196729 0.641975
-1.313831 -0.199429 0.740741
-1.323460 -0.202129 0.740741
-1.304202 -0.196729 0.740741
-1.313831 -0.199429 0.839506
-1.323460 -0.202129 0.839506
-1.304202 -0.196729 0.839506
-1.313831 -0.199429 0.938272
-1.323460 -0.202129 0.938272
-1.304202 -0.196729 0.938272
-1.309527 -0.085848 0.000000
-1.309527 -0.085848 -0.010000
-1.309527 -0.085848 0.010000
-1.309527 -0.085848 1.000000
-1.309527 -0.085848 1.010000
-1.309527 -0.085848 0.990000
-1.192054 -0.076512 0.000000
-1.192054 -0.076512 -0.010000
-1.192054 -0.076512 0.010000
-1.192054 -0.076512 1.000000
-1.192054 -0.076512 1.010000
-1.192054 -0.076512 0.990000
-0.794702 -0.051008 0.000000
-0.794702 -0.051008 -0.010000
-0.794702 -0.051008 0.010000
-0.794702 -0.051008 1.000000
-0.794702 -0.051008 1.010000
-0.794702 -0.051008 0.990000
-1.324504 -0.085013 0.049383
-1.334488 -0.084457 0.049383
-1.314519 -0.085570 0.049383
-1.324504 -0.085013 0.148148
-1.334488 -0.084457 0.148148
-1.314519 -0.085570 0.148148
-1.324504 -0.085013 0.246914
-1.334488 -0.084457 0.246914
-1.314519 -0.085570 0.246914
-1.324504 -0.085013 0.345679
-1.334488 -0.084457 0.345679
-1.314519 -0.085570 0.345679
-1.324504 -0.085013 0.444444
-1.334488 -0.084457 0.444444
-1.314519 -0.085570 0.444444
-1.324504 -0.085013 0.543210
-1.334488 -0.084457 0.543210
-1.314519 -0.085570 0.543210
-1.324504 -0.085013 0.641975
-1.334488 -0.084457 0.641975
-1.314519 -0.085570 0.641975
-1.324504 -0.085013 0.740741
-1.334488 -0.084457 0.740741
-1.314519 -0.085570 0.740741
-1.324504 -0.085013 0.839506
-1.334488 -0.084457 0.839506
-1.314519 -0.085570 0.839506
-1.324504 -0.085013 0.938272
-1.334488 -0.084457 0.938272
-1.314519 -0.085570 0.938272
-1.292274 0.025629 0.000000
-1.292274 0.025629 -0.010000
-1.292274 0.025629 0.010000
-1.292274 0.025629 1.000000
-1.292274 0.025629 1.010000
-1.292274 0.025629 0.990000
-1.176187 0.026158 0.000000
-1.176187 0.026158 -0.010000
-1.176187 0.026158 0.010000
-1.176187 0.026158 1.000000
-1.176187 0.026158 1.010000
-1.176187 0.026158 0.990000
-0.784125 0.017438 0.000000
-0.784125 0.017438 -0.010000
-0.784125 0.017438 0.010000
-0.784125 0.017438 1.000000
-0.784125 0.017438 1.010000
-0.784125 0.017438 0.990000
-1.306875 0.029064 0.049383
-1.316609 0.031354 0.049383
-1.297141 0.026774 0.049383
-1.306875 0.029064 0.148148
-1.316609 0.031354 0.148148
-1.297141 0.026774 0.148148
-1.306875 0.029064 0.246914
-1.316609 0.031354 0.246914
-1.297141 0.026774 0.246914
-1.306875 0.029064 0.345679
-1.316609 0.031354 0.345679
-1.297141 0.026774 0.345679
-1.306875 0.029064 0.444444
-1.316609 0.031354 0.444444
-1.297141 0.026774 0.444444
-1.306875 0.029064 0.543210
-1.316609 0.031354 0.543210
-1.297141 0.026774 0.543210
-1.306875 0.029064 0.641975
-1.316609 0.031354 0.641975
-1.297141 0.026774 0.641975
-1.306875 0.029064 0.740741
-1.316609 0.031354 0.740741
-1.297141 0.026774 0.740741
-1.306875 0.029064 0.839506
-1.316609 0.031354 0.839506
-1.297141 0.026774 0.839506
-1.306875 0.029064 0.938272
-1.316609 0.031354 0.938272
-1.297141 0.026774 0.938272
-1.258999 0.134252 0.000000
-1.258999 0.134252 -0.010000
-1.258999 0.134252 0.010000
-1.258999 0.134252 1.000000
-1.258999 0.134252 1.010000
-1.258999 0.134252 0.990000
-1.145742 0.125559 0.000000
-1.145742 0.125559 -0.010000
-1.145742 0.125559 0.010000
-1.145742 0.125559 1.000000
-1.145742 0.125559 1.010000
-1.145742 0.125559 0.990000
-0.763828 0.083706 0.000000
-0.763828 0.083706 -0.010000
-0.763828 0.083706 0.010000
-0.763828 0.083706 1.000000
-0.763828 0.083706 1.010000
-0.763828 0.083706 0.990000
-1.273047 0.139510 0.049383
-1.282412 0.143016 0.049383
-1.263682 0.136004 0.049383
-1.273047 0.139510 0.148148
-1.282412 0.143016 0.148148
-1.263682 0.136004 0.148148
-1.273047 0.139510 0.246914
-1.282412 0.143016 0.246914
-1.263682 0.136004 0.246914
-1.273047 0.139510 0.345679
-1.282412 0.143016 0.345679
-1.263682 0.136004 0.345679
-1.273047 0.139510 0.444444
-1.282412 0.143016 0.444444
-1.263682 0.136004 0.444444
-1.273047 0.139510 0.543210
-1.282412 0.143016 0.543210
-1.263682 0.136004 0.543210
-1.273047 0.139510 0.641975
-1.282412 0.143016 0.641975
-1.263682 0.136004 0.641975
-1.273047 0.139510 0.740741
-1.282412 0.143016 0.740741
-1.263682 0.136004 0.740741
-1.273047 0.139510 0.839506
-1.282412 0.143016 0.839506
-1.263682 0.136004 0.839506
-1.273047 0.139510 0.938272
-1.282412 0.143016 0.938272
-1.263682 0.136004 0.938272
-1.213332 0.238556 0.000000
-1.213332 0.238556 -0.010000
-1.213332 0.238556 0.010000
-1.213332 0.238556 1.000000
-1.213332 0.238556 1.010000
-1.213332 0.238556 0.990000
-1.104041 0.220803 0.000000
-1.104041 0.220803 -0.010000
-1.104041 0.220803 0.010000
-1.104041 0.220803 1.000000
-1.104041 0.220803 1.010000
-1.104041 0.220803 0.990000
-0.736027 0.147202 0.000000
-0.736027 0.147202 -0.010000
-0.736027 0.147202 0.010000
-0.736027 0.147202 1.000000
-0.736027 0.147202 1.010000
-0.736027 0.147202 0.990000
-1.226712 0.245337 0.049383
-1.235632 0.249857 0.049383
-1.217792 0.240817 0.049383
-1.226712 0.245337 0.148148
-1.235632 0.249857 0.148148
-1.217792 0.240817 0.148148
-1.226712 0.245337 0.246914
-1.235632 0.249857 0.246914
-1.217792 0.240817 0.246914
-1.226712 0.245337 0.345679
-1.235632 0.249857 0.345679
-1.217792 0.240817 0.345679
-1.226712 0.245337 0.444444
-1.235632 0.249857 0.444444
-1.217792 0.240817 0.444444
-1.226712 0.245337 0.543210
-1.235632 0.249857 0.543210
-1.217792 0.240817 0.543210
-1.226712 0.245337 0.641975
-1.235632 0.249857 0.641975
-1.217792 0.240817 0.641975
-1.226712 0.245337 0.740741
-1.235632 0.249857 0.740741
-1.217792 0.240817 0.740741
-1.226712 0.245337 0.839506
-1.235632 0.249857 0.839506
-1.217792 0.240817 0.839506
-1.226712 0.245337 0.938272
-1.235632 0.249857 0.938272
-1.217792 0.240817 0.938272
-1.155695 0.336387 0.000000
-1.155695 0.336387 -0.010000
-1.155695 0.336387 0.010000
-1.155695 0.336387 1.000000
-1.155695 0.336387 1.010000
-1.155695 0.336387 0.990000
-1.051269 0.310368 0.000000
-1.051269 0.310368 -0.010000
-1.051269 0.310368 0.010000
-1.051269 0.310368 1.000000
-1.051269 0.310368 1.010000
-1.051269 0.310368 0.990000
-0.700846 0.206912 0.000000
-0.700846 0.206912 -0.010000
-0.700846 0.206912 0.010000
-0.700846 0.206912 1.000000
-0.700846 0.206912 1.010000
-0.700846 0.206912 0.990000
-1.168077 0.344853 0.049383
-1.176332 0.350497 0.049383
-1.159822 0.339209 0.049383
-1.168077 0.344853 0.148148
-1.176332 0.350497 0.148148
-1.159822 0.339209 0.148148
-1.168077 0.344853 0.246914
-1.176332 0.350497 0.246914
-1.159822 0.339209 0.246914
-1.168077 0.344853 0.345679
-1.176332 0.350497 0.345679
-1.159822 0.339209 0.345679
-1.168077 0.344853 0.444444
-1.176332 0.350497 0.444444
-1.159822 0.339209 0.444444
-1.168077 0.344853 0.543210
-1.176332 0.350497 0.543210
-1.159822 0.339209 0.543210
-1.168077 0.344853 0.641975
-1.176332 0.350497 0.641975
-1.159822 0.339209 0.641975
-1.168077 0.344853 0.740741
-1.176332 0.350497 0.740741
-1.159822 0.339209 0.740741
-1.168077 0.344853 0.839506
-1.176332 0.350497 0.839506
-1.159822 0.339209 0.839506
-1.168077 0.344853 0.938272
-1.176332 0.350497 0.938272
-1.159822 0.339209 0.938272
-1.085173 0.425089 0.000000
-1.085173 0.425089 -0.010000
-1.085173 0.425089 0.010000
-1.085173 0.425089 1.000000
-1.085173 0.425089 1.010000
-1.085173 0.425089 0.990000
-0.986585 0.391727 0.000000
-0.986585 0.391727 -0.010000
-0.986585 0.391727 0.010000
-0.986585 0.391727 1.000000
-0.986585 0.391727 1.010000
-0.986585 0.391727 0.990000
-0.657723 0.261151 0.000000
-0.657723 0.261151 -0.010000
-0.657723 0.261151 0.010000
-0.657723 0.261151 1.000000
-0.657723 0.261151 1.010000
-0.657723 0.261151 0.990000
-1.096205 0.435252 0.049383
-1.103560 0.442027 0.049383
-1.088850 0.428477 0.049383
-1.096205 0.435252 0.148148
-1.103560 0.442027 0.148148
-1.088850 0.428477 0.148148
-1.096205 0.435252 0.246914
-1.103560 0.442027 0.246914
-1.088850 0.428477 0.246914
-1.096205 0.435252 0.345679
-1.103560 0.442027 0.345679
-1.088850 0.428477 0.345679
-1.096205 0.435252 0.444444
-1.103560 0.442027 0.444444
-1.088850 0.428477 0.444444
-1.096205 0.435252 0.543210
-1.103560 0.442027 0.543210
-1.088850 0.428477 0.543210
-1.096205 0.435252 0.641975
-1.103560 0.442027 0.641975
-1.088850 0.428477 0.641975
-1.096205 0.435252 0.740741
-1.103560 0.442027 0.740741
-1.088850 0.428477 0.740741
-1.096205 0.435252 0.839506
-1.103560 0.442027 0.839506
-1.088850 0.428477 0.839506
-1.096205 0.435252 0.938272
-1.103560 0.442027 0.938272
-1.088850 0.428477 0.938272
-1.002477 0.502443 0.000000
-1.002477 0.502443 -0.010000
-1.002477 0.502443 0.010000
-1.002477 0.502443 1.000000
-1.002477 0.502443 1.010000
-1.002477 0.502443 0.990000
-0.910680 0.462726 0.000000
-0.910680 0.462726 -0.010000
-0.910680 0.462726 0.010000
-0.910680 0.462726 1.000000
-0.910680 0.462726 1.010000
-0.910680 0.462726 0.990000
-0.607120 0.308484 0.000000
-0.607120 0.308484 -0.010000
-0.607120 0.308484 0.010000
-0.607120 0.308484 1.000000
-0.607120 0.308484 1.010000
-0.607120 0.308484 0.990000
-1.011867 0.514140 0.049383
-1.018127 0.521938 0.049383
-1.005607 0.506342 0.049383
-1.011867 0.514140 0.148148
-1.018127 0.521938 0.148148
-1.005607 0.506342 0.148148
-1.011867 0.514140 0.246914
-1.018127 0.521938 0.246914
-1.005607 0.506342 0.246914
-1.011867 0.514140 0.345679
-1.018127 0.521938 0.345679
-1.005607 0.506342 0.345679
-1.011867 0.514140 0.444444
-1.018127 0.521938 0.444444
-1.005607 0.506342 0.444444
-1.011867 0.514140 0.543210
-1.018127 0.521938 0.543210
-1.005607 0.506342 0.543210
-1.011867 0.514140 0.641975
-1.018127 0.521938 0.641975
-1.005607 0.506342 0.641975
-1.011867 0.514140 0.740741
-1.018127 0.521938 0.740741
-1.005607 0.506342 0.740741
-1.011867 0.514140 0.839506
-1.018127 0.521938 0.839506
-1.005607 0.506342 0.839506
-1.011867 0.514140 0.938272
-1.018127 0.521938 0.938272
-1.005607 0.506342 0.938272
-0.908963 0.565910 0.000000
-0.908963 0.565910 -0.010000
-0.908963 0.565910 0.010000
-0.908963 0.565910 1.000000
-0.908963 0.565910 1.010000
-0.908963 0.565910 0.990000
-0.824693 0.521081 0.000000
-0.824693 0.521081 -0.010000
-0.824693 0.521081 0.010000
-0.824693 0.521081 1.000000
-0.824693 0.521081 1.010000
-0.824693 0.521081 0.990000
-0.549796 0.347387 0.000000
-0.549796 0.347387 -0.010000
-0.549796 0.347387 0.010000
-0.549796 0.347387 1.000000
-0.549796 0.347387 1.010000
-0.549796 0.347387 0.990000
-0.916326 0.578979 0.049383
-0.921235 0.587691 0.049383
-0.911417 0.570267 0.049383
-0.916326 0.578979 0.148148
-0.921235 0.587691 0.148148
-0.911417 0.570267 0.148148
-0.916326 0.578979 0.246914
-0.921235 0.587691 0.246914
-0.911417 0.570267 0.246914
-0.916326 0.578979 0.345679
-0.921235 0.587691 0.345679
-0.911417 0.570267 0.345679
-0.916326 0.578979 0.444444
-0.921235 0.587691 0.444444
-0.911417 0.570267 0.444444
-0.916326 0.578979 0.543210
-0.921235 0.587691 0.543210
-0.911417 0.570267 0.543210
-0.916326 0.578979 0.641975
-0.921235 0.587691 0.641975
-0.911417 0.570267 0.641975
-0.916326 0.578979 0.740741
-0.921235 0.587691 0.740741
-0.911417 0.570267 0.740741
-0.916326 0.578979 0.839506
-0.921235 0.587691 0.839506
-0.911417 0.570267 0.839506
-0.916326 0.578979 0.938272
-0.921235 0.587691 0.938272
-0.911417 0.570267 0.938272
-0.806202 0.612278 0.000000
-0.806202 0.612278 -0.010000
-0.806202 0.612278 0.010000
-0.806202 0.612278 1.000000
-0.806202 0.612278 1.010000
-0.806202 0.612278 0.990000
-0.729991 0.563809 0.000000
-0.729991 0.563809 -0.010000
-0.729991 0.563809 0.010000
-0.729991 0.563809 1.000000
-0.729991 0.563809 1.010000
-0.729991 0.563809 0.990000
-0.486661 0.375873 0.000000
-0.486661 0.375873 -0.010000
-0.486661 0.375873 0.010000
-0.486661 0.375873 1.000000
-0.486661 0.375873 1.010000
-0.486661 0.375873 0.990000
-0.811101 0.626455 0.049383
-0.814367 0.635907 0.049383
-0.807835 0.617003 0.049383
-0.811101 0.626455 0.148148
-0.814367 0.635907 0.148148
-0.807835 0.617003 0.148148
-0.811101 0.626455 0.246914
-0.814367 0.635907 0.246914
-0.807835 0.617003 0.246914
-0.811101 0.626455 0.345679
-0.814367 0.635907 0.345679
-0.807835 0.617003 0.345679
-0.811101 0.626455 0.444444
-0.814367 0.635907 0.444444
-0.807835 0.617003 0.444444
-0.811101 0.626455 0.543210
-0.814367 0.635907 0.543210
-0.807835 0.617003 0.543210
-0.811101 0.626455 0.641975
-0.814367 0.635907 0.641975
-0.807835 0.617003 0.641975
-0.811101 0.626455 0.740741
-0.814367 0.635907 0.740741
-0.807835 0.617003 0.740741
-0.811101 0.626455 0.839506
-0.814367 0.635907 0.839506
-0.807835 0.617003 0.839506
-0.811101 0.626455 0.938272
-0.814367 0.635907 0.938272
-0.807835 0.617003 0.938272
-0.696795 0.639075 0.000000
-0.696795 0.639075 -0.010000
-0.696795 0.639075 0.010000
-0.696795 0.639075 1.000000
-0.696795 0.639075 1.010000
-0.696795 0.639075 0.990000
-0.629085 0.588524 0.000000
-0.629085 0.588524 -0.010000
-0.629085 0.588524 0.010000
-0.629085 0.588524 1.000000
-0.629085 0.588524 1.010000
-0.629085 0.588524 0.990000
-0.419390 0.392349 0.000000
-0.419390 0.392349 -0.010000
-0.419390 0.392349 0.010000
-0.419390 0.392349 1.000000
-0.419390 0.392349 1.010000
-0.419390 0.392349 0.990000
-0.698983 0.653915 0.049383
-0.700442 0.663808 0.049383
-0.697524 0.644022 0.049383
-0.698983 0.653915 0.148148
-0.700442 0.663808 0.148148
-0.697524 0.644022 0.148148
-0.698983 0.653915 0.246914
-0.700442 0.663808 0.246914
-0.697524 0.644022 0.246914
-0.698983 0.653915 0.345679
-0.700442 0.663808 0.345679
-0.697524 0.644022 0.345679
-0.698983 0.653915 0.444444
-0.700442 0.663808 0.444444
-0.697524 0.644022 0.444444
-0.698983 0.653915 0.543210
-0.700442 0.663808 0.543210
-0.697524 0.644022 0.543210
-0.698983 0.653915 0.641975
-0.700442 0.663808 0.641975
-0.697524 0.644022 0.641975
-0.698983 0.653915 0.740741
-0.700442 0.663808 0.740741
-0.697524 0.644022 0.740741
-0.698983 0.653915 0.839506
-0.700442 0.663808 0.839506
-0.697524 0.644022 0.839506
-0.698983 0.653915 0.938272
-0.700442 0.663808 0.938272
-0.697524 0.644022 0.938272
-0.584404 0.644689 0.000000
-0.584404 0.644689 -0.010000
-0.584404 0.644689 0.010000
-0.584404 0.644689 1.000000
-0.584404 0.644689 1.010000
-0.584404 0.644689 0.990000
-0.525335 0.593706 0.000000
-0.525335 0.593706 -0.010000
-0.525335 0.593706 0.010000
-0.525335 0.593706 1.000000
-0.525335 0.593706 1.010000
-0.525335 0.593706 0.990000
-0.350224 0.395804 0.000000
-0.350224 0.395804 -0.010000
-0.350224 0.395804 0.010000
-0.350224 0.395804 1.000000
-0.350224 0.395804 1.010000
-0.350224 0.395804 0.990000
-0.583706 0.659673 0.049383
-0.583241 0.669662 0.049383
-0.584171 0.649684 0.049383
-0.583706 0.659673 0.148148
-0.583241 0.669662 0.148148
-0.584171 0.649684 0.148148
-0.583706 0.659673 0.246914
-0.583241 0.669662 0.246914
-0.584171 0.649684 0.246914
-0.583706 0.659673 0.345679
-0.583241 0.669662 0.345679
-0.584171 0.649684 0.345679
-0.583706 0.659673 0.444444
-0.583241 0.669662 0.444444
-0.584171 0.649684 0.444444
-0.583706 0.659673 0.543210
-0.583241 0.669662 0.543210
-0.584171 0.649684 0.543210
-0.583706 0.659673 0.641975
-0.583241 0.669662 0.641975
-0.584171 0.649684 0.641975
-0.583706 0.659673 0.740741
-0.583241 0.669662 0.740741
-0.584171 0.649684 0.740741
-0.583706 0.659673 0.839506
-0.583241 0.669662 0.839506
-0.584171 0.649684 0.839506
-0.583706 0.659673 0.938272
-0.583241 0.669662 0.938272
-0.584171 0.649684 0.938272
-0.472995 0.628717 0.000000
-0.472995 0.628717 -0.010000
-0.472995 0.628717 0.010000
-0.472995 0.628717 1.000000
-0.472995 0.628717 1.010000
-0.472995 0.628717 0.990000
-0.422507 0.578964 0.000000
-0.422507 0.578964 -0.010000
-0.422507 0.578964 0.010000
-0.422507 0.578964 1.000000
-0.422507 0.578964 1.010000
-0.422507 0.578964 0.990000
-0.281671 0.385976 0.000000
-0.281671 0.385976 -0.010000
-0.281671 0.385976 0.010000
-0.281671 0.385976 1.000000
-0.281671 0.385976 1.010000
-0.281671 0.385976 0.990000
-0.469452 0.643293 0.049383
-0.467090 0.653010 0.049383
-0.471814 0.633576 0.049383
-0.469452 0.643293 0.148148
-0.467090 0.653010 0.148148
-0.471814 0.633576 0.148148
-0.469452 0.643293 0.246914
-0.467090 0.653010 0.246914
-0.471814 0.633576 0.246914
-0.469452 0.643293 0.345679
-0.467090 0.653010 0.345679
-0.471814 0.633576 0.345679
-0.469452 0.643293 0.444444
-0.467090 0.653010 0.444444
-0.471814 0.633576 0.444444
-0.469452 0.643293 0.543210
-0.467090 0.653010 0.543210
-0.471814 0.633576 0.543210
-0.469452 0.643293 0.641975
-0.467090 0.653010 0.641975
-0.471814 0.633576 0.641975
-0.469452 0.643293 0.740741
-0.467090 0.653010 0.740741
-0.471814 0.633576 0.740741
-0.469452 0.643293 0.839506
-0.467090 0.653010 0.839506
-0.471814 0.633576 0.839506
-0.469452 0.643293 0.938272
-0.467090 0.653010 0.938272
-0.471814 0.633576 0.938272
-0.366424 0.592020 0.000000
-0.366424 0.592020 -0.010000
-0.366424 0.592020 0.010000
-0.366424 0.592020 1.000000
-0.366424 0.592020 1.010000
-0.366424 0.592020 0.990000
-0.324272 0.545143 0.000000
-0.324272 0.545143 -0.010000
-0.324272 0.545143 0.010000
-0.324272 0.545143 1.000000
-0.324272 0.545143 1.010000
-0.324272 0.545143 0.990000
-0.216181 0.363428 0.000000
-0.216181 0.363428 -0.010000
-0.216181 0.363428 0.010000
-0.216181 0.363428 1.000000
-0.216181 0.363428 1.010000
-0.216181 0.363428 0.990000
-0.360302 0.605714 0.049383
-0.356221 0.614843 0.049383
-0.364383 0.596585 0.049383
-0.360302 0.605714 0.148148
-0.356221 0.614843 0.148148
-0.364383 0.596585 0.148148
-0.360302 0.605714 0.246914
-0.356221 0.614843 0.246914
-0.364383 0.596585 0.246914
-0.360302 0.605714 0.345679
-0.356221 0.614843 0.345679
-0.364383 0.596585 0.345679
-0.360302 0.605714 0.444444
-0.356221 0.614843 0.444444
-0.364383 0.596585 0.444444
-0.360302 0.605714 0.543210
-0.356221 0.614843 0.543210
-0.364383 0.596585 0.543210
-0.360302 0.605714 0.641975
-0.356221 0.614843 0.641975
-0.364383 0.596585 0.641975
-0.360302 0.605714 0.740741
-0.356221 0.614843 0.740741
-0.364383 0.596585 0.740741
-0.360302 0.605714 0.839506
-0.356221 0.614843 0.839506
-0.364383 0.596585 0.839506
-0.360302 0.605714 0.938272
-0.356221 0.614843 0.938272
-0.364383 0.596585 0.938272
-0.267242 0.537667 0.000000
-0.267242 0.537667 -0.010000
-0.267242 0.537667 0.010000
-0.267242 0.537667 1.000000
-0.267242 0.537667 1.010000
-0.267242 0.537667 0.990000
-0.233133 0.495202 0.000000
-0.233133 0.495202 -0.010000
-0.233133 0.495202 0.010000
-0.233133 0.495202 1.000000
-0.233133 0.495202 1.010000
-0.233133 0.495202 0.990000
-0.155422 0.330134 0.000000
-0.155422 0.330134 -0.010000
-0.155422 0.330134 0.010000
-0.155422 0.330134 1.000000
-0.155422 0.330134 1.010000
-0.155422 0.330134 0.990000
-0.259037 0.550224 0.049383
-0.253567 0.558595 0.049383
-0.264507 0.541853 0.049383
-0.259037 0.550224 0.148148
-0.253567 0.558595 0.148148
-0.264507 0.541853 0.148148
-0.259037 0.550224 0.246914
-0.253567 0.558595 0.246914
-0.264507 0.541853 0.246914
-0.259037 0.550224 0.345679
-0.253567 0.558595 0.345679
-0.264507 0.541853 0.345679
-0.259037 0.550224 0.444444
-0.253567 0.558595 0.444444
-0.264507 0.541853 0.444444
-0.259037 0.550224 0.543210
-0.253567 0.558595 0.543210
-0.264507 0.541853 0.543210
-0.259037 0.550224 0.641975
-0.253567 0.558595 0.641975
-0.264507 0.541853 0.641975
-0.259037 0.550224 0.740741
-0.253567 0.558595 0.740741
-0.264507 0.541853 0.740741
-0.259037 0.550224 0.839506
-0.253567 0.558595 0.839506
-0.264507 0.541853 0.839506
-0.259037 0.550224 0.938272
-0.253567 0.558595 0.938272
-0.264507 0.541853 0.938272
-0.176796 0.469130 0.000000
-0.176796 0.469130 -0.010000
-0.176796 0.469130 0.010000
-0.176796 0.469130 1.000000
-0.176796 0.469130 1.010000
-0.176796 0.469130 0.990000
-0.150280 0.432423 0.000000
-0.150280 0.432423 -0.010000
-0.150280 0.432423 0.010000
-0.150280 0.432423 1.000000
-0.150280 0.432423 1.010000
-0.150280 0.432423 0.990000
-0.100187 0.288282 0.000000
-0.100187 0.288282 -0.010000
-0.100187 0.288282 0.010000
-0.100187 0.288282 1.000000
-0.100187 0.288282 1.010000
-0.100187 0.288282 0.990000
-0.166978 0.480470 0.049383
-0.160432 0.488030 0.049383
-0.173524 0.472910 0.049383
-0.166978 0.480470 0.148148
-0.160432 0.488030 0.148148
-0.173524 0.472910 0.148148
-0.166978 0.480470 0.246914
-0.160432 0.488030 0.246914
-0.173524 0.472910 0.246914
-0.166978 0.480470 0.345679
-0.160432 0.488030 0.345679
-0.173524 0.472910 0.345679
-0.166978 0.480470 0.444444
-0.160432 0.488030 0.444444
-0.173524 0.472910 0.444444
-0.166978 0.480470 0.543210
-0.160432 0.488030 0.543210
-0.173524 0.472910 0.543210
-0.166978 0.480470 0.641975
-0.160432 0.488030 0.641975
-0.173524 0.472910 0.641975
-0.166978 0.480470 0.740741
-0.160432 0.488030 0.740741
-0.173524 0.472910 0.740741
-0.166978 0.480470 0.839506
-0.160432 0.488030 0.839506
-0.173524 0.472910 0.839506
-0.166978 0.480470 0.938272
-0.160432 0.488030 0.938272
-0.173524 0.472910 0.938272
-0.095040 0.389835 0.000000
-0.095040 0.389835 -0.010000
-0.095040 0.389835 0.010000
-0.095040 0.389835 1.000000
-0.095040 0.389835 1.010000
-0.095040 0.389835 0.990000
-0.075642 0.360037 0.000000
-0.075642 0.360037 -0.010000
-0.075642 0.360037 0.010000
-0.075642 0.360037 1.000000
-0.075642 0.360037 1.010000
-0.075642 0.360037 0.990000
-0.050428 0.240025 0.000000
-0.050428 0.240025 -0.010000
-0.050428 0.240025 0.010000
-0.050428 0.240025 1.000000
-0.050428 0.240025 1.010000
-0.050428 0.240025 0.990000
-0.084047 0.400041 0.049383
-0.076718 0.406845 0.049383
-0.091376 0.393237 0.049383
-0.084047 0.400041 0.148148
-0.076718 0.406845 0.148148
-0.091376 0.393237 0.148148
-0.084047 0.400041 0.246914
-0.076718 0.406845 0.246914
-0.091376 0.393237 0.246914
-0.084047 0.400041 0.345679
-0.076718 0.406845 0.345679
-0.091376 0.393237 0.345679
-0.084047 0.400041 0.444444
-0.076718 0.406845 0.444444
-0.091376 0.393237 0.444444
-0.084047 0.400041 0.543210
-0.076718 0.406845 0.543210
-0.091376 0.393237 0.543210
-0.084047 0.400041 0.641975
-0.076718 0.406845 0.641975
-0.091376 0.393237 0.641975
-0.084047 0.400041 0.740741
-0.076718 0.406845 0.740741
-0.091376 0.393237 0.740741
-0.084047 0.400041 0.839506
-0.076718 0.406845 0.839506
-0.091376 0.393237 0.839506
-0.084047 0.400041 0.938272
-0.076718 0.406845 0.938272
-0.091376 0.393237 0.938272
-0.021148 0.302694 0.000000
-0.021148 0.302694 -0.010000
-0.021148 0.302694 0.010000
-0.021148 0.302694 1.000000
-0.021148 0.302694 1.010000
-0.021148 0.302694 0.990000
-0.008385 0.280724 0.000000
-0.008385 0.280724 -0.010000
-0.008385 0.280724 0.010000
-0.008385 0.280724 1.000000
-0.008385 0.280724 1.010000
-0.008385 0.280724 0.990000
-0.005590 0.187149 0.000000
-0.005590 0.187149 -0.010000
-0.005590 0.187149 0.010000
-0.005590 0.187149 1.000000
-0.005590 0.187149 1.010000
-0.005590 0.187149 0.990000
-0.009317 0.311915 0.049383
-0.001430 0.318062 0.049383
-0.017204 0.305768 0.049383
-0.009317 0.311915 0.148148
-0.001430 0.318062 0.148148
-0.017204 0.305768 0.148148
-0.009317 0.311915 0.246914
-0.001430 0.318062 0.246914
-0.017204 0.305768 0.246914
-0.009317 0.311915 0.345679
-0.001430 0.318062 0.345679
-0.017204 0.305768 0.345679
-0.009317 0.311915 0.444444
-0.001430 0.318062 0.444444
-0.017204 0.305768 0.444444
-0.009317 0.311915 0.543210
-0.001430 0.318062 0.543210
-0.017204 0.305768 0.543210
-0.009317 0.311915 0.641975
-0.001430 0.318062 0.641975
-0.017204 0.305768 0.641975
-0.009317 0.311915 0.740741
-0.001430 0.318062 0.740741
-0.017204 0.305768 0.740741
-0.009317 0.311915 0.839506
-0.001430 0.318062 0.839506
-0.017204 0.305768 0.839506
-0.009317 0.311915 0.938272
-0.001430 0.318062 0.938272
-0.017204 0.305768 0.938272
0.046113 0.209959 0.000000
0.046113 0.209959 -0.010000
0.046113 0.209959 0.010000
0.046113 0.209959 1.000000
0.046113 0.209959 1.010000
0.046113 0.209959 0.990000
0.052679 0.196535 0.000000
0.052679 0.196535 -0.010000
0.052679 0.196535 0.010000
0.052679 0.196535 1.000000
0.052679 0.196535 1.010000
0.052679 0.196535 0.990000
0.035119 0.131023 0.000000
0.035119 0.131023 -0.010000
0.035119 0.131023 0.010000
0.035119 0.131023 1.000000
0.035119 0.131023 1.010000
0.035119 0.131023 0.990000
0.058532 0.218372 0.049383
0.066811 0.223981 0.049383
0.050253 0.212763 0.049383
0.058532 0.218372 0.148148
0.066811 0.223981 0.148148
0.050253 0.212763 0.148148
0.058532 0.218372 0.246914
0.066811 0.223981 0.246914
0.050253 0.212763 0.246914
0.058532 0.218372 0.345679
0.066811 0.223981 0.345679
0.050253 0.212763 0.345679
0.058532 0.218372 0.444444
0.066811 0.223981 0.444444
0.050253 0.212763 0.444444
0.058532 0.218372 0.543210
0.066811 0.223981 0.543210
0.050253 0.212763 0.543210
0.058532 0.218372 0.641975
0.066811 0.223981 0.641975
0.050253 0.212763 0.641975
0.058532 0.218372 0.740741
0.066811 0.223981 0.740741
0.050253 0.212763 0.740741
0.058532 0.218372 0.839506
0.066811 0.223981 0.839506
0.050253 0.212763 0.839506
0.058532 0.218372 0.938272
0.066811 0.223981 0.938272
0.050253 0.212763 0.938272
0.107743 0.113177 0.000000
0.107743 0.113177 -0.010000
0.107743 0.113177 0.010000
0.107743 0.113177 1.000000
0.107743 0.113177 1.010000
0.107743 0.113177 0.990000
0.108545 0.108805 0.000000
0.108545 0.108805 -0.010000
0.108545 0.108805 0.010000
0.108545 0.108805 1.000000
0.108545 0.108805 1.010000
0.108545 0.108805 0.990000
0.072363 0.072537 0.000000
0.072363 0.072537 -0.010000
0.072363 0.072537 0.010000
0.072363 0.072537 1.000000
0.072363 0.072537 1.010000
0.072363 0.072537 0.990000
0.120605 0.120895 0.049383
0.129180 0.126040 0.049383
0.112030 0.115750 0.049383
0.120605 0.120895 0.148148
0.129180 0.126040 0.148148
0.112030 0.115750 0.148148
0.120605 0.120895 0.246914
0.129180 0.126040 0.246914
0.112030 0.115750 0.246914
0.120605 0.120895 0.345679
0.129180 0.126040 0.345679
0.112030 0.115750 0.345679
0.120605 0.120895 0.444444
0.129180 0.126040 0.444444
0.112030 0.115750 0.444444
0.120605 0.120895 0.543210
0.129180 0.126040 0.543210
0.112030 0.115750 0.543210
0.120605 0.120895 0.641975
0.129180 0.126040 0.641975
0.112030 0.115750 0.641975
0.120605 0.120895 0.740741
0.129180 0.126040 0.740741
0.112030 0.115750 0.740741
0.120605 0.120895 0.839506
0.129180 0.126040 0.839506
0.112030 0.115750 0.839506
0.120605 0.120895 0.938272
0.129180 0.126040 0.938272
0.112030 0.115750 0.938272
0.164580 0.013313 0.000000
0.164580 0.013313 -0.010000
0.164580 0.013313 0.010000
0.164580 0.013313 1.000000
0.164580 0.013313 1.010000
0.164580 0.013313 0.990000
0.159993 0.018410 0.000000
0.159993 0.018410 -0.010000
0.159993 0.018410 0.010000
0.159993 0.018410 1.000000
0.159993 0.018410 1.010000
0.159993 0.018410 0.990000
0.106662 0.012273 0.000000
0.106662 0.012273 -0.010000
0.106662 0.012273 0.010000
0.106662 0.012273 1.000000
0.106662 0.012273 1.010000
0.106662 0.012273 0.990000
0.177770 0.020455 0.049383
0.186564 0.025217 0.049383
0.168976 0.015693 0.049383
0.177770 0.020455 0.148148
0.186564 0.025217 0.148148
0.168976 0.015693 0.148148
0.177770 0.020455 0.246914
0.186564 0.025217 0.246914
0.168976 0.015693 0.246914
0.177770 0.020455 0.345679
0.186564 0.025217 0.345679
0.168976 0.015693 0.345679
0.177770 0.020455 0.444444
0.186564 0.025217 0.444444
0.168976 0.015693 0.444444
0.177770 0.020455 0.543210
0.186564 0.025217 0.543210
0.168976 0.015693 0.543210
0.177770 0.020455 0.641975
0.186564 0.025217 0.641975
0.168976 0.015693 0.641975
0.177770 0.020455 0.740741
0.186564 0.025217 0.740741
0.168976 0.015693 0.740741
0.177770 0.020455 0.839506
0.186564 0.025217 0.839506
0.168976 0.015693 0.839506
0.177770 0.020455 0.938272
0.186564 0.025217 0.938272
0.168976 0.015693 0.938272
0.217606 -0.088820 0.000000
0.217606 -0.088820 -0.010000
0.217606 -0.088820 0.010000
0.217606 -0.088820 1.000000
0.217606 -0.088820 1.010000
0.217606 -0.088820 0.990000
0.207923 -0.073904 0.000000
0.207923 -0.073904 -0.010000
0.207923 -0.073904 0.010000
0.207923 -0.073904 1.000000
0.207923 -0.073904 1.010000
0.207923 -0.073904 0.990000
0.138615 -0.049270 0.000000
0.138615 -0.049270 -0.010000
0.138615 -0.049270 0.010000
0.138615 -0.049270 1.000000
0.138615 -0.049270 1.010000
0.138615 -0.049270 0.990000
0.231025 -0.082116 0.049383
0.239971 -0.077647 0.049383
0.222079 -0.086585 0.049383
0.231025 -0.082116 0.148148
0.239971 -0.077647 0.148148
0.222079 -0.086585 0.148148
0.231025 -0.082116 0.246914
0.239971 -0.077647 0.246914
0.222079 -0.086585 0.246914
0.231025 -0.082116 0.345679
0.239971 -0.077647 0.345679
0.222079 -0.086585 0.345679
0.231025 -0.082116 0.444444
0.239971 -0.077647 0.444444
0.222079 -0.086585 0.444444
0.231025 -0.082116 0.543210
0.239971 -0.077647 0.543210
0.222079 -0.086585 0.543210
0.231025 -0.082116 0.641975
0.239971 -0.077647 0.641975
0.222079 -0.086585 0.641975
0.231025 -0.082116 0.740741
0.239971 -0.077647 0.740741
0.222079 -0.086585 0.740741
0.231025 -0.082116 0.839506
0.239971 -0.077647 0.839506
0.222079 -0.086585 0.839506
0.231025 -0.082116 0.938272
0.239971 -0.077647 0.938272
0.222079 -0.086585 0.938272
0.267765 -0.192529 0.000000
0.267765 -0.192529 -0.010000
0.267765 -0.192529 0.010000
0.267765 -0.192529 1.000000
0.267765 -0.192529 1.010000
0.267765 -0.192529 0.990000
0.253211 -0.167544 0.000000
0.253211 -0.167544 -0.010000
0.253211 -0.167544 0.010000
0.253211 -0.167544 1.000000
0.253211 -0.167544 1.010000
0.253211 -0.167544 0.990000
0.168808 -0.111696 0.000000
0.168808 -0.111696 -0.010000
0.168808 -0.111696 0.010000
0.168808 -0.111696 1.000000
0.168808 -0.111696 1.010000
0.168808 -0.111696 0.990000
0.281346 -0.186160 0.049383
0.290400 -0.181914 0.049383
0.272292 -0.190406 0.049383
0.281346 -0.186160 0.148148
0.290400 -0.181914 0.148148
0.272292 -0.190406 0.148148
0.281346 -0.186160 0.246914
0.290400 -0.181914 0.246914
0.272292 -0.190406 0.246914
0.281346 -0.186160 0.345679
0.290400 -0.181914 0.345679
0.272292 -0.190406 0.345679
0.281346 -0.186160 0.444444
0.290400 -0.181914 0.444444
0.272292 -0.190406 0.444444
0.281346 -0.186160 0.543210
0.290400 -0.181914 0.543210
0.272292 -0.190406 0.543210
0.281346 -0.186160 0.641975
0.290400 -0.181914 0.641975
0.272292 -0.190406 0.641975
0.281346 -0.186160 0.740741
0.290400 -0.181914 0.740741
0.272292 -0.190406 0.740741
0.281346 -0.186160 0.839506
0.290400 -0.181914 0.839506
0.272292 -0.190406 0.839506
0.281346 -0.186160 0.938272
0.290400 -0.181914 0.938272
0.272292 -0.190406 0.938272
0.315649 -0.297397 0.000000
0.315649 -0.297397 -0.010000
0.315649 -0.297397 0.010000
0.315649 -0.297397 1.000000
0.315649 -0.297397 1.010000
0.315649 -0.297397 0.990000
0.296416 -0.262165 0.000000
0.296416 -0.262165 -0.010000
0.296416 -0.262165 0.010000
0.296416 -0.262165 1.000000
0.296416 -0.262165 1.010000
0.296416 -0.262165 0.990000
0.197611 -0.174776 0.000000
0.197611 -0.174776 -0.010000
0.197611 -0.174776 0.010000
0.197611 -0.174776 1.000000
0.197611 -0.174776 1.010000
0.197611 -0.174776 0.990000
0.329351 -0.291294 0.049383
0.338486 -0.287225 0.049383
0.320216 -0.295363 0.049383
0.329351 -0.291294 0.148148
0.338486 -0.287225 0.148148
0.320216 -0.295363 0.148148
0.329351 -0.291294 0.246914
0.338486 -0.287225 0.246914
0.320216 -0.295363 0.246914
0.329351 -0.291294 0.345679
0.338486 -0.287225 0.345679
0.320216 -0.295363 0.345679
0.329351 -0.291294 0.444444
0.338486 -0.287225 0.444444
0.320216 -0.295363 0.444444
0.329351 -0.291294 0.543210
0.338486 -0.287225 0.543210
0.320216 -0.295363 0.543210
0.329351 -0.291294 0.641975
0.338486 -0.287225 0.641975
0.320216 -0.295363 0.641975
0.329351 -0.291294 0.740741
0.338486 -0.287225 0.740741
0.320216 -0.295363 0.740741
0.329351 -0.291294 0.839506
0.338486 -0.287225 0.839506
0.320216 -0.295363 0.839506
0.329351 -0.291294 0.938272
0.338486 -0.287225 0.938272
0.320216 -0.295363 0.938272
0.361754 -0.403133 0.000000
0.361754 -0.403133 -0.010000
0.361754 -0.403133 0.010000
0.361754 -0.403133 1.000000
0.361754 -0.403133 1.010000
0.361754 -0.403133 0.990000
0.337991 -0.357512 0.000000
0.337991 -0.357512 -0.010000
0.337991 -0.357512 0.010000
0.337991 -0.357512 1.000000
0.337991 -0.357512 1.010000
0.337991 -0.357512 0.990000
0.225328 -0.238342 0.000000
0.225328 -0.238342 -0.010000
0.225328 -0.238342 0.010000
0.225328 -0.238342 1.000000
0.225328 -0.238342 1.010000
0.225328 -0.238342 0.990000
0.375546 -0.397236 0.049383
0.384741 -0.393305 0.049383
0.366351 -0.401167 0.049383
0.375546 -0.397236 0.148148
0.384741 -0.393305 0.148148
0.366351 -0.401167 0.148148
0.375546 -0.397236 0.246914
0.384741 -0.393305 0.246914
0.366351 -0.401167 0.246914
0.375546 -0.397236 0.345679
0.384741 -0.393305 0.345679
0.366351 -0.401167 0.345679
0.375546 -0.397236 0.444444
0.384741 -0.393305 0.444444
0.366351 -0.401167 0.444444
0.375546 -0.397236 0.543210
0.384741 -0.393305 0.543210
0.366351 -0.401167 0.543210
0.375546 -0.397236 0.641975
0.384741 -0.393305 0.641975
0.366351 -0.401167 0.641975
0.375546 -0.397236 0.740741
0.384741 -0.393305 0.740741
0.366351 -0.401167 0.740741
0.375546 -0.397236 0.839506
0.384741 -0.393305 0.839506
0.366351 -0.401167 0.839506
0.375546 -0.397236 0.938272
0.384741 -0.393305 0.938272
0.366351 -0.401167 0.938272
0.406505 -0.509513 0.000000
0.406505 -0.509513 -0.010000
0.406505 -0.509513 0.010000
0.406505 -0.509513 1.000000
0.406505 -0.509513 1.010000
0.406505 -0.509513 0.990000
0.378326 -0.453392 0.000000
0.378326 -0.453392 -0.010000
0.378326 -0.453392 0.010000
0.378326 -0.453392 1.000000
0.378326 -0.453392 1.010000
0.378326 -0.453392 0.990000
0.252217 -0.302261 0.000000
0.252217 -0.302261 -0.010000
0.252217 -0.302261 0.010000
0.252217 -0.302261 1.000000
0.252217 -0.302261 1.010000
0.252217 -0.302261 0.990000
0.420362 -0.503769 0.049383
0.429600 -0.499940 0.049383
0.411124 -0.507598 0.049383
0.420362 -0.503769 0.148148
0.429600 -0.499940 0.148148
0.411124 -0.507598 0.148148
0.420362 -0.503769 0.246914
0.429600 -0.499940 0.246914
0.411124 -0.507598 0.246914
0.420362 -0.503769 0.345679
0.429600 -0.499940 0.345679
0.411124 -0.507598 0.345679
0.420362 -0.503769 0.444444
0.429600 -0.499940 0.444444
0.411124 -0.507598 0.444444
0.420362 -0.503769 0.543210
0.429600 -0.499940 0.543210
0.411124 -0.507598 0.543210
0.420362 -0.503769 0.641975
0.429600 -0.499940 0.641975
0.411124 -0.507598 0.641975
0.420362 -0.503769 0.740741
0.429600 -0.499940 0.740741
0.411124 -0.507598 0.740741
0.420362 -0.503769 0.839506
0.429600 -0.499940 0.839506
0.411124 -0.507598 0.839506
0.420362 -0.503769 0.938272
0.429600 -0.499940 0.938272
0.411124 -0.507598 0.938272
0.450257 -0.616357 0.000000
0.450257 -0.616357 -0.010000
0.450257 -0.616357 0.010000
0.450257 -0.616357 1.000000
0.450257 -0.616357 1.010000
0.450257 -0.616357 0.990000
0.417744 -0.549653 0.000000
0.417744 -0.549653 -0.010000
0.417744 -0.549653 0.010000
0.417744 -0.549653 1.000000
0.417744 -0.549653 1.010000
0.417744 -0.549653 0.990000
0.278496 -0.366436 0.000000
0.278496 -0.366436 -0.010000
0.278496 -0.366436 0.010000
0.278496 -0.366436 1.000000
0.278496 -0.366436 1.010000
0.278496 -0.366436 0.990000
0.464160 -0.610726 0.049383
0.473429 -0.606972 0.049383
0.454891 -0.614480 0.049383
0.464160 -0.610726 0.148148
0.473429 -0.606972 0.148148
0.454891 -0.614480 0.148148
0.464160 -0.610726 0.246914
0.473429 -0.606972 0.246914
0.454891 -0.614480 0.246914
0.464160 -0.610726 0.345679
0.473429 -0.606972 0.345679
0.454891 -0.614480 0.345679
0.464160 -0.610726 0.444444
0.473429 -0.606972 0.444444
0.454891 -0.614480 0.444444
0.464160 -0.610726 0.543210
0.473429 -0.606972 0.543210
0.454891 -0.614480 0.543210
0.464160 -0.610726 0.641975
0.473429 -0.606972 0.641975
0.454891 -0.614480 0.641975
0.464160 -0.610726 0.740741
0.473429 -0.606972 0.740741
0.454891 -0.614480 0.740741
0.464160 -0.610726 0.839506
0.473429 -0.606972 0.839506
0.454891 -0.614480 0.839506
0.464160 -0.610726 0.938272
0.473429 -0.606972 0.938272
0.454891 -0.614480 0.938272
0.493270 -0.723529 0.000000
0.493270 -0.723529 -0.010000
0.493270 -0.723529 0.010000
0.493270 -0.723529 1.000000
0.493270 -0.723529 1.010000
0.493270 -0.723529 0.990000
0.456487 -0.646187 0.000000
0.456487 -0.646187 -0.010000
0.456487 -0.646187 0.010000
0.456487 -0.646187 1.000000
0.456487 -0.646187 1.010000
0.456487 -0.646187 0.990000
0.304325 -0.430792 0.000000
0.304325 -0.430792 -0.010000
0.304325 -0.430792 0.010000
0.304325 -0.430792 1.000000
0.304325 -0.430792 1.010000
0.304325 -0.430792 0.990000
0.507208 -0.717986 0.049383
0.516500 -0.714291 0.049383
0.497916 -0.721681 0.049383
0.507208 -0.717986 0.148148
0.516500 -0.714291 0.148148
0.497916 -0.721681 0.148148
0.507208 -0.717986 0.246914
0.516500 -0.714291 0.246914
0.497916 -0.721681 0.246914
0.507208 -0.717986 0.345679
0.516500 -0.714291 0.345679
0.497916 -0.721681 0.345679
0.507208 -0.717986 0.444444
0.516500 -0.714291 0.444444
0.497916 -0.721681 0.444444
0.507208 -0.717986 0.543210
0.516500 -0.714291 0.543210
0.497916 -0.721681 0.543210
0.507208 -0.717986 0.641975
0.516500 -0.714291 0.641975
0.497916 -0.721681 0.641975
0.507208 -0.717986 0.740741
0.516500 -0.714291 0.740741
0.497916 -0.721681 0.740741
0.507208 -0.717986 0.839506
0.516500 -0.714291 0.839506
0.497916 -0.721681 0.839506
0.507208 -0.717986 0.938272
0.516500 -0.714291 0.938272
0.497916 -0.721681 0.938272
0.535574 -0.830972 0.000000
0.535574 -0.830972 -0.010000
0.535574 -0.830972 0.010000
0.535574 -0.830972 1.000000
0.535574 -0.830972 1.010000
0.535574 -0.830972 0.990000
0.494596 -0.742973 0.000000
0.494596 -0.742973 -0.010000
0.494596 -0.742973 0.010000
0.494596 -0.742973 1.000000
0.494596 -0.742973 1.010000
0.494596 -0.742973 0.990000
0.329731 -0.495316 0.000000
0.329731 -0.495316 -0.010000
0.329731 -0.495316 0.010000
0.329731 -0.495316 1.000000
0.329731 -0.495316 1.010000
0.329731 -0.495316 0.990000
0.549551 -0.825526 0.049383
0.558869 -0.821895 0.049383
0.540233 -0.829157 0.049383
0.549551 -0.825526 0.148148
0.558869 -0.821895 0.148148
0.540233 -0.829157 0.148148
0.549551 -0.825526 0.246914
0.558869 -0.821895 0.246914
0.540233 -0.829157 0.246914
0.549551 -0.825526 0.345679
0.558869 -0.821895 0.345679
0.540233 -0.829157 0.345679
0.549551 -0.825526 0.444444
0.558869 -0.821895 0.444444
0.540233 -0.829157 0.444444
0.549551 -0.825526 0.543210
0.558869 -0.821895 0.543210
0.540233 -0.829157 0.543210
0.549551 -0.825526 0.641975
0.558869 -0.821895 0.641975
0.540233 -0.829157 0.641975
0.549551 -0.825526 0.740741
0.558869 -0.821895 0.740741
0.540233 -0.829157 0.740741
0.549551 -0.825526 0.839506
0.558869 -0.821895 0.839506
0.540233 -0.829157 0.839506
0.549551 -0.825526 0.938272
0.558869 -0.821895 0.938272
0.540233 -0.829157 0.938272
0.577107 -0.938714 0.000000
0.577107 -0.938714 -0.010000
0.577107 -0.938714 0.010000
0.577107 -0.938714 1.000000
0.577107 -0.938714 1.010000
0.577107 -0.938714 0.990000
0.532010 -0.840031 0.000000
0.532010 -0.840031 -0.010000
0.532010 -0.840031 0.010000
0.532010 -0.840031 1.000000
0.532010 -0.840031 1.010000
0.532010 -0.840031 0.990000
0.354673 -0.560021 0.000000
0.354673 -0.560021 -0.010000
0.354673 -0.560021 0.010000
0.354673 -0.560021 1.000000
0.354673 -0.560021 1.010000
0.354673 -0.560021 0.990000
0.591122 -0.933368 0.049383
0.600465 -0.929804 0.049383
0.581779 -0.936932 0.049383
0.591122 -0.933368 0.148148
0.600465 -0.929804 0.148148
0.581779 -0.936932 0.148148
0.591122 -0.933368 0.246914
0.600465 -0.929804 0.246914
0.581779 -0.936932 0.246914
0.591122 -0.933368 0.345679
0.600465 -0.929804 0.345679
0.581779 -0.936932 0.345679
0.591122 -0.933368 0.444444
0.600465 -0.929804 0.444444
0.581779 -0.936932 0.444444
0.591122 -0.933368 0.543210
0.600465 -0.929804 0.543210
0.581779 -0.936932 0.543210
0.591122 -0.933368 0.641975
0.600465 -0.929804 0.641975
0.581779 -0.936932 0.641975
0.591122 -0.933368 0.740741
0.600465 -0.929804 0.740741
0.581779 -0.936932 0.740741
0.591122 -0.933368 0.839506
0.600465 -0.929804 0.839506
0.581779 -0.936932 0.839506
0.591122 -0.933368 0.938272
0.600465 -0.929804 0.938272
0.581779 -0.936932 0.938272
0.617910 -1.046745 0.000000
0.617910 -1.046745 -0.010000
0.617910 -1.046745 0.010000
0.617910 -1.046745 1.000000
0.617910 -1.046745 1.010000
0.617910 -1.046745 0.990000
0.568763 -0.937340 0.000000
0.568763 -0.937340 -0.010000
0.568763 -0.937340 0.010000
0.568763 -0.937340 1.000000
0.568763 -0.937340 1.010000
0.568763 -0.937340 0.990000
0.379175 -0.624893 0.000000
0.379175 -0.624893 -0.010000
0.379175 -0.624893 0.010000
0.379175 -0.624893 1.000000
0.379175 -0.624893 1.010000
0.379175 -0.624893 0.990000
0.631959 -1.041489 0.049383
0.641325 -1.037985 0.049383
0.622593 -1.044993 0.049383
0.631959 -1.041489 0.148148
0.641325 -1.037985 0.148148
0.622593 -1.044993 0.148148
0.631959 -1.041489 0.246914
0.641325 -1.037985 0.246914
0.622593 -1.044993 0.246914
0.631959 -1.041489 0.345679
0.641325 -1.037985 0.345679
0.622593 -1.044993 0.345679
0.631959 -1.041489 0.444444
0.641325 -1.037985 0.444444
0.622593 -1.044993 0.444444
0.631959 -1.041489 0.543210
0.641325 -1.037985 0.543210
0.622593 -1.044993 0.543210
0.631959 -1.041489 0.641975
0.641325 -1.037985 0.641975
0.622593 -1.044993 0.641975
0.631959 -1.041489 0.740741
0.641325 -1.037985 0.740741
0.622593 -1.044993 0.740741
0.631959 -1.041489 0.839506
0.641325 -1.037985 0.839506
0.622593 -1.044993 0.839506
0.631959 -1.041489 0.938272
0.641325 -1.037985 0.938272
0.622593 -1.044993 0.938272
0.658087 -1.155030 0.000000
0.658087 -1.155030 -0.010000
0.658087 -1.155030 0.010000
0.658087 -1.155030 1.000000
0.658087 -1.155030 1.010000
0.658087 -1.155030 0.990000
0.604947 -1.034862 0.000000
0.604947 -1.034862 -0.010000
0.604947 -1.034862 0.010000
0.604947 -1.034862 1.000000
0.604947 -1.034862 1.010000
0.604947 -1.034862 0.990000
0.403298 -0.689908 0.000000
0.403298 -0.689908 -0.010000
0.403298 -0.689908 0.010000
0.403298 -0.689908 1.000000
0.403298 -0.689908 1.010000
0.403298 -0.689908 0.990000
0.672163 -1.149847 0.049383
0.681547 -1.146392 0.049383
0.662779 -1.153302 0.049383
0.672163 -1.149847 0.148148
0.681547 -1.146392 0.148148
0.662779 -1.153302 0.148148
0.672163 -1.149847 0.246914
0.681547 -1.146392 0.246914
0.662779 -1.153302 0.246914
0.672163 -1.149847 0.345679
0.681547 -1.146392 0.345679
0.662779 -1.153302 0.345679
0.672163 -1.149847 0.444444
0.681547 -1.146392 0.444444
0.662779 -1.153302 0.444444
0.672163 -1.149847 0.543210
0.681547 -1.146392 0.543210
0.662779 -1.153302 0.543210
0.672163 -1.149847 0.641975
0.681547 -1.146392 0.641975
0.662779 -1.153302 0.641975
0.672163 -1.149847 0.740741
0.681547 -1.146392 0.740741
0.662779 -1.153302 0.740741
0.672163 -1.149847 0.839506
0.681547 -1.146392 0.839506
0.662779 -1.153302 0.839506
0.672163 -1.149847 0.938272
0.681547 -1.146392 0.938272
0.662779 -1.153302 0.938272
0.697786 -1.263514 0.000000
0.697786 -1.263514 -0.010000
0.697786 -1.263514 0.010000
0.697786 -1.263514 1.000000
0.697786 -1.263514 1.010000
0.697786 -1.263514 0.990000
0.640694 -1.132547 0.000000
0.640694 -1.132547 -0.010000
0.640694 -1.132547 0.010000
0.640694 -1.132547 1.000000
0.640694 -1.132547 1.010000
0.640694 -1.132547 0.990000
0.427129 -0.755031 0.000000
0.427129 -0.755031 -0.010000
0.427129 -0.755031 0.010000
0.427129 -0.755031 1.000000
0.427129 -0.755031 1.010000
0.427129 -0.755031 0.990000
0.711882 -1.258385 0.049383
0.721279 -1.254966 0.049383
0.702485 -1.261804 0.049383
0.711882 -1.258385 0.148148
0.721279 -1.254966 0.148148
0.702485 -1.261804 0.148148
0.711882 -1.258385 0.246914
0.721279 -1.254966 0.246914
0.702485 -1.261804 0.246914
0.711882 -1.258385 0.345679
0.721279 -1.254966 0.345679
0.702485 -1.261804 0.345679
0.711882 -1.258385 0.444444
0.721279 -1.254966 0.444444
0.702485 -1.261804 0.444444
0.711882 -1.258385 0.543210
0.721279 -1.254966 0.543210
0.702485 -1.261804 0.543210
0.711882 -1.258385 0.641975
0.721279 -1.254966 0.641975
0.702485 -1.261804 0.641975
0.711882 -1.258385 0.740741
0.721279 -1.254966 0.740741
0.702485 -1.261804 0.740741
0.711882 -1.258385 0.839506
0.721279 -1.254966 0.839506
0.702485 -1.261804 0.839506
0.711882 -1.258385 0.938272
0.721279 -1.254966 0.938272
0.702485 -1.261804 0.938272
0.737072 -1.372144 0.000000
0.737072 -1.372144 -0.010000
0.737072 -1.372144 0.010000
0.737072 -1.372144 1.000000
0.737072 -1.372144 1.010000
0.737072 -1.372144 0.990000
0.676069 -1.230365 0.000000
0.676069 -1.230365 -0.010000
0.676069 -1.230365 0.010000
0.676069 -1.230365 1.000000
0.676069 -1.230365 1.010000
0.676069 -1.230365 0.990000
0.450713 -0.820243 0.000000
0.450713 -0.820243 -0.010000
0.450713 -0.820243 0.010000
0.450713 -0.820243 1.000000
0.450713 -0.820243 1.010000
0.450713 -0.820243 0.990000
0.751188 -1.367072 0.049383
0.760599 -1.363690 0.049383
0.741777 -1.370454 0.049383
0.751188 -1.367072 0.148148
0.760599 -1.363690 0.148148
0.741777 -1.370454 0.148148
0.751188 -1.367072 0.246914
0.760599 -1.363690 0.246914
0.741777 -1.370454 0.246914
0.751188 -1.367072 0.345679
0.760599 -1.363690 0.345679
0.741777 -1.370454 0.345679
0.751188 -1.367072 0.444444
0.760599 -1.363690 0.444444
0.741777 -1.370454 0.444444
0.751188 -1.367072 0.543210
0.760599 -1.363690 0.543210
0.741777 -1.370454 0.543210
0.751188 -1.367072 0.641975
0.760599 -1.363690 0.641975
0.741777 -1.370454 0.641975
0.751188 -1.367072 0.740741
0.760599 -1.363690 0.740741
0.741777 -1.370454 0.740741
0.751188 -1.367072 0.839506
0.760599 -1.363690 0.839506
0.741777 -1.370454 0.839506
0.751188 -1.367072 0.938272
0.760599 -1.363690 0.938272
0.741777 -1.370454 0.938272
0.775850 -1.480928 0.000000
0.775850 -1.480928 -0.010000
0.775850 -1.480928 0.010000
0.775850 -1.480928 1.000000
0.775850 -1.480928 1.010000
0.775850 -1.480928 0.990000
0.710996 -1.328344 0.000000
0.710996 -1.328344 -0.010000
0.710996 -1.328344 0.010000
0.710996 -1.328344 1.000000
0.710996 -1.328344 1.010000
0.710996 -1.328344 0.990000
0.473998 -0.885563 0.000000
0.473998 -0.885563 -0.010000
0.473998 -0.885563 0.010000
0.473998 -0.885563 1.000000
0.473998 -0.885563 1.010000
0.473998 -0.885563 0.990000
0.789996 -1.475938 0.049383
0.799426 -1.472611 0.049383
0.780566 -1.479265 0.049383
0.789996 -1.475938 0.148148
0.799426 -1.472611 0.148148
0.780566 -1.479265 0.148148
0.789996 -1.475938 0.246914
0.799426 -1.472611 0.246914
0.780566 -1.479265 0.246914
0.789996 -1.475938 0.345679
0.799426 -1.472611 0.345679
0.780566 -1.479265 0.345679
0.789996 -1.475938 0.444444
0.799426 -1.472611 0.444444
0.780566 -1.479265 0.444444
0.789996 -1.475938 0.543210
0.799426 -1.472611 0.543210
0.780566 -1.479265 0.543210
0.789996 -1.475938 0.641975
0.799426 -1.472611 0.641975
0.780566 -1.479265 0.641975
0.789996 -1.475938 0.740741
0.799426 -1.472611 0.740741
0.780566 -1.479265 0.740741
0.789996 -1.475938 0.839506
0.799426 -1.472611 0.839506
0.780566 -1.479265 0.839506
0.789996 -1.475938 0.938272
0.799426 -1.472611 0.938272
0.780566 -1.479265 0.938272
0.813597 -1.589961 0.000000
0.813597 -1.589961 -0.010000
0.813597 -1.589961 0.010000
0.813597 -1.589961 1.000000
0.813597 -1.589961 1.010000
0.813597 -1.589961 0.990000
0.745025 -1.426640 0.000000
0.745025 -1.426640 -0.010000
0.745025 -1.426640 0.010000
0.745025 -1.426640 1.000000
0.745025 -1.426640 1.010000
0.745025 -1.426640 0.990000
0.496684 -0.951093 0.000000
0.496684 -0.951093 -0.010000
0.496684 -0.951093 0.010000
0.496684 -0.951093 1.000000
0.496684 -0.951093 1.010000
0.496684 -0.951093 0.990000
0.827806 -1.585155 0.049383
0.837279 -1.581951 0.049383
0.818333 -1.588359 0.049383
0.827806 -1.585155 0.148148
0.837279 -1.581951 0.148148
0.818333 -1.588359 0.148148
0.827806 -1.585155 0.246914
0.837279 -1.581951 0.246914
0.818333 -1.588359 0.246914
0.827806 -1.585155 0.345679
0.837279 -1.581951 0.345679
0.818333 -1.588359 0.345679
0.827806 -1.585155 0.444444
0.837279 -1.581951 0.444444
0.818333 -1.588359 0.444444
0.827806 -1.585155 0.543210
0.837279 -1.581951 0.543210
0.818333 -1.588359 0.543210
0.827806 -1.585155 0.641975
0.837279 -1.581951 0.641975
0.818333 -1.588359 0.641975
0.827806 -1.585155 0.740741
0.837279 -1.581951 0.740741
0.818333 -1.588359 0.740741
0.827806 -1.585155 0.839506
0.837279 -1.581951 0.839506
0.818333 -1.588359 0.839506
0.827806 -1.585155 0.938272
0.837279 -1.581951 0.938272
0.818333 -1.588359 0.938272
0.849474 -1.699504 0.000000
0.849474 -1.699504 -0.010000
0.849474 -1.699504 0.010000
0.849474 -1.699504 1.000000
0.849474 -1.699504 1.010000
0.849474 -1.699504 0.990000
0.777400 -1.525490 0.000000
0.777400 -1.525490 -0.010000
0.777400 -1.525490 0.010000
0.777400 -1.525490 1.000000
0.777400 -1.525490 1.010000
0.777400 -1.525490 0.990000
0.518267 -1.016993 0.000000
0.518267 -1.016993 -0.010000
0.518267 -1.016993 0.010000
0.518267 -1.016993 1.000000
0.518267 -1.016993 1.010000
0.518267 -1.016993 0.990000
0.863778 -1.694989 0.049383
0.873314 -1.691979 0.049383
0.854242 -1.697999 0.049383
0.863778 -1.694989 0.148148
0.873314 -1.691979 0.148148
0.854242 -1.697999 0.148148
0.863778 -1.694989 0.246914
0.873314 -1.691979 0.246914
0.854242 -1.697999 0.246914
0.863778 -1.694989 0.345679
0.873314 -1.691979 0.345679
0.854242 -1.697999 0.345679
0.863778 -1.694989 0.444444
0.873314 -1.691979 0.444444
0.854242 -1.697999 0.444444
0.863778 -1.694989 0.543210
0.873314 -1.691979 0.543210
0.854242 -1.697999 0.543210
0.863778 -1.694989 0.641975
0.873314 -1.691979 0.641975
0.854242 -1.697999 0.641975
0.863778 -1.694989 0.740741
0.873314 -1.691979 0.740741
0.854242 -1.697999 0.740741
0.863778 -1.694989 0.839506
0.873314 -1.691979 0.839506
0.854242 -1.697999 0.839506
0.863778 -1.694989 0.938272
0.873314 -1.691979 0.938272
0.854242 -1.697999 0.938272
0.882750 -1.809822 0.000000
0.882750 -1.809822 -0.010000
0.882750 -1.809822 0.010000
0.882750 -1.809822 1.000000
0.882750 -1.809822 1.010000
0.882750 -1.809822 0.990000
0.807440 -1.625074 0.000000
0.807440 -1.625074 -0.010000
0.807440 -1.625074 0.010000
0.807440 -1.625074 1.000000
0.807440 -1.625074 1.010000
0.807440 -1.625074 0.990000
0.538293 -1.083383 0.000000
0.538293 -1.083383 -0.010000
0.538293 -1.083383 0.010000
0.538293 -1.083383 1.000000
0.538293 -1.083383 1.010000
0.538293 -1.083383 0.990000
0.897155 -1.805638 0.049383
0.906758 -1.802848 0.049383
0.887552 -1.808428 0.049383
0.897155 -1.805638 0.148148
0.906758 -1.802848 0.148148
0.887552 -1.808428 0.148148
0.897155 -1.805638 0.246914
0.906758 -1.802848 0.246914
0.887552 -1.808428 0.246914
0.897155 -1.805638 0.345679
0.906758 -1.802848 0.345679
0.887552 -1.808428 0.345679
0.897155 -1.805638 0.444444
0.906758 -1.802848 0.444444
0.887552 -1.808428 0.444444
0.897155 -1.805638 0.543210
0.906758 -1.802848 0.543210
0.887552 -1.808428 0.543210
0.897155 -1.805638 0.641975
0.906758 -1.802848 0.641975
0.887552 -1.808428 0.641975
0.897155 -1.805638 0.740741
0.906758 -1.802848 0.740741
0.887552 -1.808428 0.740741
0.897155 -1.805638 0.839506
0.906758 -1.802848 0.839506
0.887552 -1.808428 0.839506
0.897155 -1.805638 0.938272
0.906758 -1.802848 0.938272
0.887552 -1.808428 0.938272
