199
 -2.847158  -22.233566 0
 -3.053523  -21.875778 0
 -3.258492  -21.517181 0
 -3.461338  -21.157379 0
 -3.662348  -20.796555 0
 -3.861732  -20.43483  0
 -4.059699  -20.072327 0
 -4.256465  -19.709167 0
 -4.452247  -19.345474 0
 -4.647252  -18.981369 0
 -4.841669  -18.616959 0
 -5.035683  -18.252319 0
 -5.229476  -17.887573 0
 -5.423232  -17.522797 0
 -5.61713   -17.158096 0
 -5.811355  -16.793579 0
 -6.006093  -16.429321 0
 -6.201557  -16.06546  0
 -6.397979  -15.702127 0
 -6.595588  -15.339428 0
 -6.794613  -14.977504 0
 -6.995281  -14.616488 0
 -7.197813  -14.256515 0
 -7.402431  -13.897723 0
 -7.609335  -13.540245 0
 -7.818695  -13.1842   0
 -8.030673  -12.829707 0
 -8.245429  -12.476891 0
 -8.46312   -12.125877 0
 -8.6839    -11.7768   0
 -8.907921  -11.429794 0
 -9.135324  -11.084995 0
 -9.366223  -10.742526 0
 -9.600709  -10.402504 0
 -9.838874  -10.065047 0
 -10.080803  -9.73028  0
 -10.326579  -9.398327 0
 -10.576282  -9.069319 0
 -10.829984  -8.743385 0
 -11.087765  -8.420668 0
 -11.349711  -8.101322 0
 -11.615912  -7.785513 0
 -11.886454  -7.473414 0
 -12.161418  -7.165205 0
 -12.440884  -6.861073 0
 -12.724925  -6.56121  0
 -13.013647  -6.265854 0
 -13.307332  -5.975434 0
 -13.606308  -5.690465 0
 -13.910886  -5.41149  0
 -14.221349  -5.139079 0
 -14.537945  -4.873822 0
 -14.860885  -4.616327 0
 -15.190332  -4.367218 0
 -15.526365  -4.127069 0
 -15.868983  -3.896421 0
 -16.218155  -3.675841 0
 -16.573868  -3.465933 0
 -16.936005  -3.267349 0
 -17.304489  -3.080778 0
 -17.679153  -2.906951 0
 -18.059753  -2.746553 0
 -18.445908  -2.60005  0
 -18.837173  -2.467801 0
 -19.233078  -2.350159 0
 -19.633102  -2.247455 0
 -20.036758  -2.160009 0
 -20.443466  -2.088127 0
 -20.852661  -2.032049 0
 -21.263687  -1.991477 0
 -21.675888  -1.965526 0
 -22.08873   -1.953298 0
 -22.50174   -1.953953 0
 -22.914566  -1.966711 0
 -23.326889  -1.990854 0
 -23.738434  -2.02572  0
 -24.149017  -2.070573 0
 -24.558548  -2.124256 0
 -24.967041  -2.185336 0
 -25.374619  -2.252306 0
 -25.781448  -2.32362  0
 -26.187775  -2.397747 0
 -26.593857  -2.47323  0
 -27.000015  -2.54833  0
 -27.407089  -2.618258 0
 -27.816193  -2.674958 0
 -28.227722  -2.709602 0
 -28.640656  -2.712134 0
 -29.051468  -2.67139  0
 -29.452972  -2.576344 0
 -29.834686  -2.419722 0
 -30.185089  -2.201915 0
 -30.494553  -1.929113 0
 -30.754913  -1.609034 0
 -30.959015  -1.250652 0
 -31.106461  -0.864513 0
 -31.198761  -0.463037 0
 -31.26593   -0.05502  0
 -31.26593    0.335587 0
 -31.235428   0.881415 0
 -31.164124   1.423416 0
 -31.062332   1.960532 0
 -30.932831   2.491652 0
 -30.777557   3.015824 0
 -30.598801   3.532467 0
 -30.399109   4.041395 0
 -30.179718   4.542157 0
 -29.940094   5.03355  0
 -29.679306   5.514041 0
 -29.396454   5.981877 0
 -29.090729   6.435069 0
 -28.761993   6.871864 0
 -28.410843   7.290844 0
 -28.03801    7.690659 0
 -27.644302   8.069922 0
 -27.23056    8.427214 0
 -26.797516   8.760867 0
 -26.345932   9.068913 0
 -25.876617   9.349217 0
 -25.390656   9.599522 0
 -24.889435   9.817669 0
 -24.374863  10.002123 0
 -23.849152  10.151922 0
 -23.31456   10.266026 0
 -22.773422  10.343277 0
 -22.22821   10.38262  0
 -21.681641  10.383685 0
 -21.1362    10.346758 0
 -20.594696  10.272123 0
 -20.059662  10.160077 0
 -19.533707  10.011154 0
 -19.018906  9.827258  0
 -18.51683   9.611015  0
 -18.028702  9.364872  0
 -17.555527  9.091064  0
 -17.098129  8.79166   0
 -16.656845  8.46896   0
 -16.231659  8.125313  0
 -15.82231   7.762952  0
 -15.428307  7.383948  0
 -15.049058  6.990172  0
 -14.683915  6.583278  0
 -14.332116  6.164785  0
 -13.9928    5.736106  0
 -13.665011  5.298542  0
 -13.347916  4.853164  0
 -13.040957  4.400739  0
 -12.743652  3.941911  0
 -12.455482  3.477288  0
 -12.175906  3.007443  0
 -11.904343  2.53292   0
 -11.640169  2.054242  0
 -11.382736  1.571905  0
 -11.131379  1.086372  0
 -10.885427  0.598078  0
 -10.644323  0.107372  0
 -10.407701 -0.385511  0
 -10.175237 -0.88037   0
 -9.946599  -1.377007  0
 -9.721452  -1.875237  0
 -9.499483  -2.374893  0
 -9.280427  -2.875832  0
 -9.064021  -3.377921  0
 -8.849999  -3.881031  0
 -8.638098  -4.385038  0
 -8.428088  -4.889837  0
 -8.219792  -5.395346  0
 -8.013035  -5.901484  0
 -7.807639  -6.408178  0
 -7.603428  -6.91535   0
 -7.400348  -7.422976  0
 -7.198446  -7.931072  0
 -6.997783  -8.439658  0
 -6.798415  -8.948754  0
 -6.600398  -9.458376  0
 -6.403726  -9.968519  0
 -6.208355  -10.479161 0
 -6.014234  -10.99028  0
 -5.821314  -11.501854 0
 -5.62954   -12.013859 0
 -5.438835  -12.526262 0
 -5.2491    -13.039025 0
 -5.060235  -13.552111 0
 -4.872139  -14.065477 0
 -4.684732  -14.579097 0
 -4.498007  -15.092963 0
 -4.312004  -15.607093 0
 -4.126768  -16.12149  0
 -3.942335  -16.636185 0
 -3.758828  -17.151215 0
 -3.576626  -17.666702 0
 -3.396269  -18.182831 0
 -3.218287  -18.699799 0
 -3.043215  -19.217743 0
 -2.871573  -19.736847 0
 -2.703839  -20.257217 0
 -2.540473  -20.778976 0
 -2.381987  -21.302277 0
 -2.228444  -21.826981 0
