-3 -1 -0.647664
-3 -0.78 -0.62696
-3 -0.56 -0.607095
-3 -0.34 -0.58813
-3 -0.12 -0.570105
-3 0.1 -0.553036
-3 0.32 -0.536914
-3 0.54 -0.521703
-3 0.76 -0.507342
-3 0.98 -0.493749
-3 1.2 -0.480831
-3 1.42 -0.468485
-3 1.64 -0.456608
-3 1.86 -0.445102
-3 2.08 -0.433874
-3 2.3 -0.422843
-3 2.52 -0.411936
-3 2.74 -0.401093
-3 2.96 -0.390262
-3 3.18 -0.379399
-3 3.4 -0.36847
-3 3.62 -0.357445
-3 3.84 -0.3463
-3 4.06 -0.335015
-3 4.28 -0.323574
-3 4.5 -0.311963
-3 4.72 -0.300169
-3 4.94 -0.288182
-3 5.16 -0.275991
-3 5.38 -0.263586
-3 5.6 -0.250958
-3 5.82 -0.238097
-3 6.04 -0.22499
-3 6.26 -0.211626
-3 6.48 -0.197988
-3 6.7 -0.184061
-3 6.92 -0.16982
-3 7.14 -0.155239
-3 7.36 -0.140281
-3 7.58 -0.124898
-3 7.8 -0.109021
-3 8.02 -0.0925539
-3 8.24 -0.0753449
-3 8.46 -0.0571368
-3 8.68 -0.0374077
-3 8.9 -0.0146141
-3 9.12 -0.00244338
-3 9.34 -0.0144348
-3 9.56 -0.0289014
-3 9.78 -0.0448582
-3 10 -0.0619204

-2.88 -1 -0.634104
-2.88 -0.78 -0.612788
-2.88 -0.56 -0.592324
-2.88 -0.34 -0.572783
-2.88 -0.12 -0.55421
-2.88 0.1 -0.536627
-2.88 0.32 -0.520024
-2.88 0.54 -0.504362
-2.88 0.76 -0.489573
-2.88 0.98 -0.475569
-2.88 1.2 -0.462244
-2.88 1.42 -0.449487
-2.88 1.64 -0.437187
-2.88 1.86 -0.425236
-2.88 2.08 -0.413539
-2.88 2.3 -0.402008
-2.88 2.52 -0.39057
-2.88 2.74 -0.379162
-2.88 2.96 -0.367733
-2.88 3.18 -0.356238
-2.88 3.4 -0.344642
-2.88 3.62 -0.332917
-2.88 3.84 -0.321038
-2.88 4.06 -0.308985
-2.88 4.28 -0.29674
-2.88 4.5 -0.284287
-2.88 4.72 -0.271612
-2.88 4.94 -0.258701
-2.88 5.16 -0.24554
-2.88 5.38 -0.232113
-2.88 5.6 -0.218404
-2.88 5.82 -0.204394
-2.88 6.04 -0.19006
-2.88 6.26 -0.175374
-2.88 6.48 -0.1603
-2.88 6.7 -0.144793
-2.88 6.92 -0.12879
-2.88 7.14 -0.112204
-2.88 7.36 -0.0949051
-2.88 7.58 -0.0766868
-2.88 7.8 -0.0571821
-2.88 8.02 -0.0356009
-2.88 8.24 -0.0089663
-2.88 8.46 0.0231205
-2.88 8.68 0.0434422
-2.88 8.9 0.0542027
-2.88 9.12 0.0395748
-2.88 9.34 0.0183248
-2.88 9.56 -0.00102398
-2.88 9.78 -0.0201775
-2.88 10 -0.0395931

-2.76 -1 -0.620435
-2.76 -0.78 -0.598457
-2.76 -0.56 -0.577345
-2.76 -0.34 -0.557175
-2.76 -0.12 -0.538003
-2.76 0.1 -0.519854
-2.76 0.32 -0.50272
-2.76 0.54 -0.486558
-2.76 0.76 -0.471292
-2.76 0.98 -0.456824
-2.76 1.2 -0.443038
-2.76 1.42 -0.429811
-2.76 1.64 -0.417021
-2.76 1.86 -0.404553
-2.76 2.08 -0.392306
-2.76 2.3 -0.380189
-2.76 2.52 -0.368125
-2.76 2.74 -0.35605
-2.76 2.96 -0.343912
-2.76 3.18 -0.331666
-2.76 3.4 -0.319277
-2.76 3.62 -0.306714
-2.76 3.84 -0.293951
-2.76 4.06 -0.280967
-2.76 4.28 -0.26774
-2.76 4.5 -0.254249
-2.76 4.72 -0.240475
-2.76 4.94 -0.226397
-2.76 5.16 -0.211989
-2.76 5.38 -0.197224
-2.76 5.6 -0.182068
-2.76 5.82 -0.166478
-2.76 6.04 -0.1504
-2.76 6.26 -0.133759
-2.76 6.48 -0.116454
-2.76 6.7 -0.0983332
-2.76 6.92 -0.0791586
-2.76 7.14 -0.0585115
-2.76 7.36 -0.0355003
-2.76 7.58 -0.00652825
-2.76 7.8 0.0263355
-2.76 8.02 0.0489032
-2.76 8.24 0.0668549
-2.76 8.46 0.0807827
-2.76 8.68 0.0895665
-2.76 8.9 0.0887339
-2.76 9.12 0.0714217
-2.76 9.34 0.047668
-2.76 9.56 0.0250738
-2.76 9.78 0.00332598
-2.76 10 -0.0181512

-2.64 -1 -0.606662
-2.64 -0.78 -0.58397
-2.64 -0.56 -0.562151
-2.64 -0.34 -0.541295
-2.64 -0.12 -0.521465
-2.64 0.1 -0.502693
-2.64 0.32 -0.484972
-2.64 0.54 -0.468253
-2.64 0.76 -0.452454
-2.64 0.98 -0.437462
-2.64 1.2 -0.42315
-2.64 1.42 -0.409381
-2.64 1.64 -0.396022
-2.64 1.86 -0.382951
-2.64 2.08 -0.370058
-2.64 2.3 -0.357248
-2.64 2.52 -0.344443
-2.64 2.74 -0.331577
-2.64 2.96 -0.318594
-2.64 3.18 -0.305449
-2.64 3.4 -0.292105
-2.64 3.62 -0.278529
-2.64 3.84 -0.264689
-2.64 4.06 -0.250559
-2.64 4.28 -0.23611
-2.64 4.5 -0.221311
-2.64 4.72 -0.20613
-2.64 4.94 -0.190527
-2.64 5.16 -0.174453
-2.64 5.38 -0.157849
-2.64 5.6 -0.140635
-2.64 5.82 -0.122699
-2.64 6.04 -0.103882
-2.64 6.26 -0.0839368
-2.64 6.48 -0.0624378
-2.64 6.7 -0.0385054
-2.64 6.92 -0.00903497
-2.64 7.14 0.0260497
-2.64 7.36 0.0504022
-2.64 7.58 0.0704323
-2.64 7.8 0.0873776
-2.64 8.02 0.101558
-2.64 8.24 0.112813
-2.64 8.46 0.120419
-2.64 8.68 0.122607
-2.64 8.9 0.115816
-2.64 9.12 0.0975069
-2.64 9.34 0.0733794
-2.64 9.56 0.0490357
-2.64 9.78 0.0254013
-2.64 10 0.00223207

-2.52 -1 -0.592791
-2.52 -0.78 -0.569326
-2.52 -0.56 -0.546739
-2.52 -0.34 -0.525131
-2.52 -0.12 -0.504578
-2.52 0.1 -0.485117
-2.52 0.32 -0.466744
-2.52 0.54 -0.449404
-2.52 0.76 -0.433005
-2.52 0.98 -0.41742
-2.52 1.2 -0.402504
-2.52 1.42 -0.388108
-2.52 1.64 -0.374085
-2.52 1.86 -0.360304
-2.52 2.08 -0.346648
-2.52 2.3 -0.333018
-2.52 2.52 -0.319329
-2.52 2.74 -0.305515
-2.52 2.96 -0.291516
-2.52 3.18 -0.277285
-2.52 3.4 -0.262778
-2.52 3.62 -0.247955
-2.52 3.84 -0.232777
-2.52 4.06 -0.217204
-2.52 4.28 -0.201191
-2.52 4.5 -0.184685
-2.52 4.72 -0.167621
-2.52 4.94 -0.149917
-2.52 5.16 -0.131459
-2.52 5.38 -0.11209
-2.52 5.6 -0.0915701
-2.52 5.82 -0.069499
-2.52 6.04 -0.0450944
-2.52 6.26 -0.0160882
-2.52 6.48 0.0216733
-2.52 6.7 0.0484166
-2.52 6.92 0.0703561
-2.52 7.14 0.0892474
-2.52 7.36 0.105708
-2.52 7.58 0.119976
-2.52 7.8 0.132061
-2.52 8.02 0.141764
-2.52 8.24 0.148607
-2.52 8.46 0.151652
-2.52 8.68 0.149218
-2.52 8.9 0.138934
-2.52 9.12 0.120013
-2.52 9.34 0.0959891
-2.52 9.56 0.0708233
-2.52 9.78 0.0459269
-2.52 10 0.0214433

-2.4 -1 -0.578833
-2.4 -0.78 -0.55453
-2.4 -0.56 -0.531104
-2.4 -0.34 -0.508671
-2.4 -0.12 -0.48732
-2.4 0.1 -0.467097
-2.4 0.32 -0.447998
-2.4 0.54 -0.429963
-2.4 0.76 -0.412885
-2.4 0.98 -0.396623
-2.4 1.2 -0.381012
-2.4 1.42 -0.365885
-2.4 1.64 -0.351083
-2.4 1.86 -0.336462
-2.4 2.08 -0.321898
-2.4 2.3 -0.307284
-2.4 2.52 -0.292533
-2.4 2.74 -0.277572
-2.4 2.96 -0.262336
-2.4 3.18 -0.246769
-2.4 3.4 -0.230817
-2.4 3.62 -0.214425
-2.4 3.84 -0.197535
-2.4 4.06 -0.180078
-2.4 4.28 -0.161969
-2.4 4.5 -0.143099
-2.4 4.72 -0.123316
-2.4 4.94 -0.102399
-2.4 5.16 -0.0799966
-2.4 5.38 -0.0554627
-2.4 5.6 -0.0272432
-2.4 5.82 0.0117898
-2.4 6.04 0.0424097
-2.4 6.26 0.0666664
-2.4 6.48 0.0875026
-2.4 6.7 0.105841
-2.4 6.92 0.122104
-2.4 7.14 0.136495
-2.4 7.36 0.149076
-2.4 7.58 0.159796
-2.4 7.8 0.168483
-2.4 8.02 0.174798
-2.4 8.24 0.178166
-2.4 8.46 0.177648
-2.4 8.68 0.171856
-2.4 8.9 0.159315
-2.4 9.12 0.139937
-2.4 9.34 0.116082
-2.4 9.56 0.0905788
-2.4 9.78 0.0648877
-2.4 10 0.0394265

-2.28 -1 -0.5648
-2.28 -0.78 -0.539588
-2.28 -0.56 -0.515245
-2.28 -0.34 -0.491905
-2.28 -0.12 -0.469671
-2.28 0.1 -0.4486
-2.28 0.32 -0.428689
-2.28 0.54 -0.409871
-2.28 0.76 -0.392023
-2.28 0.98 -0.374983
-2.28 1.2 -0.358565
-2.28 1.42 -0.342581
-2.28 1.64 -0.326856
-2.28 1.86 -0.311232
-2.28 2.08 -0.295575
-2.28 2.3 -0.279772
-2.28 2.52 -0.263727
-2.28 2.74 -0.247356
-2.28 2.96 -0.230583
-2.28 3.18 -0.213335
-2.28 3.4 -0.195535
-2.28 3.62 -0.177094
-2.28 3.84 -0.157905
-2.28 4.06 -0.137827
-2.28 4.28 -0.116664
-2.28 4.5 -0.0941172
-2.28 4.72 -0.0696798
-2.28 4.94 -0.042311
-2.28 5.16 -0.00822629
-2.28 5.38 0.031208
-2.28 5.6 0.0587774
-2.28 5.82 0.0819623
-2.28 6.04 0.102287
-2.28 6.26 0.120405
-2.28 6.48 0.13666
-2.28 6.7 0.151239
-2.28 6.92 0.16423
-2.28 7.14 0.175641
-2.28 7.36 0.185408
-2.28 7.58 0.193389
-2.28 7.8 0.199334
-2.28 8.02 0.202853
-2.28 8.24 0.203356
-2.28 8.46 0.199994
-2.28 8.68 0.191698
-2.28 8.9 0.177581
-2.28 9.12 0.157829
-2.28 9.34 0.134115
-2.28 9.56 0.108506
-2.28 9.78 0.082337
-2.28 10 0.0561722

-2.16 -1 -0.550707
-2.16 -0.78 -0.524508
-2.16 -0.56 -0.499161
-2.16 -0.34 -0.47482
-2.16 -0.12 -0.451606
-2.16 0.1 -0.429588
-2.16 0.32 -0.408766
-2.16 0.54 -0.389062
-2.16 0.76 -0.370335
-2.16 0.98 -0.352395
-2.16 1.2 -0.335032
-2.16 1.42 -0.318033
-2.16 1.64 -0.301202
-2.16 1.86 -0.284367
-2.16 2.08 -0.26738
-2.16 2.3 -0.250115
-2.16 2.52 -0.232462
-2.16 2.74 -0.214318
-2.16 2.96 -0.195581
-2.16 3.18 -0.176138
-2.16 3.4 -0.155855
-2.16 3.62 -0.134557
-2.16 3.84 -0.111997
-2.16 4.06 -0.0877849
-2.16 4.28 -0.0612218
-2.16 4.5 -0.0306494
-2.16 4.72 0.0118281
-2.16 4.94 0.0454814
-2.16 5.16 0.0719407
-2.16 5.38 0.0947063
-2.16 5.6 0.114879
-2.16 5.82 0.133005
-2.16 6.04 0.149394
-2.16 6.26 0.164231
-2.16 6.48 0.177618
-2.16 6.7 0.189597
-2.16 6.92 0.200157
-2.16 7.14 0.209236
-2.16 7.36 0.216715
-2.16 7.58 0.222404
-2.16 7.8 0.226019
-2.16 8.02 0.227159
-2.16 8.24 0.225261
-2.16 8.46 0.219602
-2.16 8.68 0.20939
-2.16 8.9 0.194106
-2.16 9.12 0.174035
-2.16 9.34 0.150416
-2.16 9.56 0.124805
-2.16 9.78 0.0983623
-2.16 10 0.0717038

-2.04 -1 -0.536575
-2.04 -0.78 -0.509303
-2.04 -0.56 -0.482855
-2.04 -0.34 -0.457407
-2.04 -0.12 -0.433101
-2.04 0.1 -0.410022
-2.04 0.32 -0.38817
-2.04 0.54 -0.367457
-2.04 0.76 -0.347717
-2.04 0.98 -0.328728
-2.04 1.2 -0.310246
-2.04 1.42 -0.292029
-2.04 1.64 -0.273857
-2.04 1.86 -0.255537
-2.04 2.08 -0.236901
-2.04 2.3 -0.217801
-2.04 2.52 -0.198096
-2.04 2.74 -0.177641
-2.04 2.96 -0.15627
-2.04 3.18 -0.13377
-2.04 3.4 -0.109841
-2.04 3.62 -0.084
-2.04 3.84 -0.0553337
-2.04 4.06 -0.0213247
-2.04 4.28 0.0240144
-2.04 4.5 0.0560656
-2.04 4.72 0.0822654
-2.04 4.94 0.105037
-2.04 5.16 0.125327
-2.04 5.38 0.143641
-2.04 5.6 0.160282
-2.04 5.82 0.175444
-2.04 6.04 0.189242
-2.04 6.26 0.201742
-2.04 6.48 0.212966
-2.04 6.7 0.222894
-2.04 6.92 0.23147
-2.04 7.14 0.238594
-2.04 7.36 0.244114
-2.04 7.58 0.247818
-2.04 7.8 0.249411
-2.04 8.02 0.248498
-2.04 8.24 0.244574
-2.04 8.46 0.237041
-2.04 8.68 0.225326
-2.04 8.9 0.209138
-2.04 9.12 0.188787
-2.04 9.34 0.165226
-2.04 9.56 0.139654
-2.04 9.78 0.113062
-2.04 10 0.0860639

-1.92 -1 -0.522429
-1.92 -0.78 -0.493991
-1.92 -0.56 -0.466334
-1.92 -0.34 -0.439657
-1.92 -0.12 -0.41413
-1.92 0.1 -0.389853
-1.92 0.32 -0.366832
-1.92 0.54 -0.344963
-1.92 0.76 -0.324045
-1.92 0.98 -0.303817
-1.92 1.2 -0.283993
-1.92 1.42 -0.264294
-1.92 1.64 -0.244467
-1.92 1.86 -0.224288
-1.92 2.08 -0.203554
-1.92 2.3 -0.182071
-1.92 2.52 -0.159628
-1.92 2.74 -0.135972
-1.92 2.96 -0.110751
-1.92 3.18 -0.0834013
-1.92 3.4 -0.0528202
-1.92 3.62 -0.0155967
-1.92 3.84 0.0312266
-1.92 4.06 0.0633014
-1.92 4.28 0.0898292
-1.92 4.5 0.112956
-1.92 4.72 0.133599
-1.92 4.94 0.152266
-1.92 5.16 0.169274
-1.92 5.38 0.18483
-1.92 5.6 0.19907
-1.92 5.82 0.212079
-1.92 6.04 0.223902
-1.92 6.26 0.234551
-1.92 6.48 0.244006
-1.92 6.7 0.252215
-1.92 6.92 0.259093
-1.92 7.14 0.264519
-1.92 7.36 0.268322
-1.92 7.58 0.270279
-1.92 7.8 0.270097
-1.92 8.02 0.267407
-1.92 8.24 0.261764
-1.92 8.46 0.252687
-1.92 8.68 0.239766
-1.92 8.9 0.222854
-1.92 9.12 0.202254
-1.92 9.34 0.178719
-1.92 9.56 0.153199
-1.92 9.78 0.126533
-1.92 10 0.0993052

-1.8 -1 -0.508302
-1.8 -0.78 -0.478597
-1.8 -0.56 -0.449607
-1.8 -0.34 -0.421563
-1.8 -0.12 -0.394663
-1.8 0.1 -0.36903
-1.8 0.32 -0.344672
-1.8 0.54 -0.321463
-1.8 0.76 -0.29916
-1.8 0.98 -0.27745
-1.8 1.2 -0.255989
-1.8 1.42 -0.23445
-1.8 1.64 -0.212531
-1.8 1.86 -0.189953
-1.8 2.08 -0.166442
-1.8 2.3 -0.141689
-1.8 2.52 -0.115293
-1.8 2.74 -0.0866313
-1.8 2.96 -0.0544975
-1.8 3.18 -0.0150585
-1.8 3.4 0.0339213
-1.8 3.62 0.067132
-1.8 3.84 0.0945345
-1.8 4.06 0.118367
-1.8 4.28 0.139604
-1.8 4.5 0.158797
-1.8 4.72 0.176292
-1.8 4.94 0.192323
-1.8 5.16 0.207048
-1.8 5.38 0.220574
-1.8 5.6 0.232969
-1.8 5.82 0.244268
-1.8 6.04 0.254478
-1.8 6.26 0.263578
-1.8 6.48 0.271525
-1.8 6.7 0.278244
-1.8 6.92 0.283635
-1.8 7.14 0.287559
-1.8 7.36 0.289838
-1.8 7.58 0.290245
-1.8 7.8 0.288501
-1.8 8.02 0.284266
-1.8 8.24 0.277158
-1.8 8.46 0.266796
-1.8 8.68 0.252892
-1.8 8.9 0.235385
-1.8 9.12 0.214561
-1.8 9.34 0.19103
-1.8 9.56 0.165559
-1.8 9.78 0.138864
-1.8 10 0.111483

-1.68 -1 -0.494234
-1.68 -0.78 -0.463151
-1.68 -0.56 -0.432693
-1.68 -0.34 -0.403121
-1.68 -0.12 -0.374671
-1.68 0.1 -0.34749
-1.68 0.32 -0.32159
-1.68 0.54 -0.296813
-1.68 0.76 -0.27286
-1.68 0.98 -0.249342
-1.68 1.2 -0.225842
-1.68 1.42 -0.201955
-1.68 1.64 -0.177298
-1.68 1.86 -0.151475
-1.68 2.08 -0.124027
-1.68 2.3 -0.0942926
-1.68 2.52 -0.0610683
-1.68 2.74 -0.0209067
-1.68 2.96 0.0316112
-1.68 3.18 0.0672034
-1.68 3.4 0.0961179
-1.68 3.62 0.121065
-1.68 3.84 0.143182
-1.68 4.06 0.163103
-1.68 4.28 0.181231
-1.68 4.5 0.197836
-1.68 4.72 0.213108
-1.68 4.94 0.22718
-1.68 5.16 0.240143
-1.68 5.38 0.252054
-1.68 5.6 0.262943
-1.68 5.82 0.272816
-1.68 6.04 0.281655
-1.68 6.26 0.289421
-1.68 6.48 0.296051
-1.68 6.7 0.301457
-1.68 6.92 0.305525
-1.68 7.14 0.308109
-1.68 7.36 0.309027
-1.68 7.58 0.308057
-1.68 7.8 0.304934
-1.68 8.02 0.299355
-1.68 8.24 0.290996
-1.68 8.46 0.279556
-1.68 8.68 0.264835
-1.68 8.9 0.246831
-1.68 9.12 0.225804
-1.68 9.34 0.20226
-1.68 9.56 0.176833
-1.68 9.78 0.150132
-1.68 10 0.122651

-1.56 -1 -0.480276
-1.56 -0.78 -0.447696
-1.56 -0.56 -0.415618
-1.56 -0.34 -0.384335
-1.56 -0.12 -0.354123
-1.56 0.1 -0.325163
-1.56 0.32 -0.297466
-1.56 0.54 -0.27083
-1.56 0.76 -0.244872
-1.56 0.98 -0.219099
-1.56 1.2 -0.192979
-1.56 1.42 -0.165978
-1.56 1.64 -0.13753
-1.56 1.86 -0.106931
-1.56 2.08 -0.0730488
-1.56 2.3 -0.0331755
-1.56 2.52 0.0227978
-1.56 2.74 0.0627832
-1.56 2.96 0.0940982
-1.56 3.18 0.120708
-1.56 3.4 0.144076
-1.56 3.62 0.16499
-1.56 3.84 0.183937
-1.56 4.06 0.20125
-1.56 4.28 0.217158
-1.56 4.5 0.231828
-1.56 4.72 0.245378
-1.56 4.94 0.257889
-1.56 5.16 0.269416
-1.56 5.38 0.279984
-1.56 5.6 0.289601
-1.56 5.82 0.298252
-1.56 6.04 0.305902
-1.56 6.26 0.312497
-1.56 6.48 0.317962
-1.56 6.7 0.322199
-1.56 6.92 0.325085
-1.56 7.14 0.326469
-1.56 7.36 0.32617
-1.56 7.58 0.323974
-1.56 7.8 0.319635
-1.56 8.02 0.312885
-1.56 8.24 0.303452
-1.56 8.46 0.291101
-1.56 8.68 0.275697
-1.56 8.9 0.257269
-1.56 9.12 0.236058
-1.56 9.34 0.212491
-1.56 9.56 0.187098
-1.56 9.78 0.160406
-1.56 10 0.132861

-1.44 -1 -0.466488
-1.44 -0.78 -0.432287
-1.44 -0.56 -0.398419
-1.44 -0.34 -0.365213
-1.44 -0.12 -0.332989
-1.44 0.1 -0.301965
-1.44 0.32 -0.272148
-1.44 0.54 -0.243269
-1.44 0.76 -0.214819
-1.44 0.98 -0.18614
-1.44 1.2 -0.156503
-1.44 1.42 -0.125093
-1.44 1.64 -0.0908237
-1.44 1.86 -0.0516503
-1.44 2.08 0.00213672
-1.44 2.3 0.0524594
-1.44 2.52 0.0876389
-1.44 2.74 0.11673
-1.44 2.96 0.141883
-1.44 3.18 0.164157
-1.44 3.4 0.184187
-1.44 3.62 0.202394
-1.44 3.84 0.219068
-1.44 4.06 0.234422
-1.44 4.28 0.248607
-1.44 4.5 0.261735
-1.44 4.72 0.273882
-1.44 4.94 0.285101
-1.44 5.16 0.295419
-1.44 5.38 0.304844
-1.44 5.6 0.313364
-1.44 5.82 0.32095
-1.44 6.04 0.327555
-1.44 6.26 0.333114
-1.44 6.48 0.337542
-1.44 6.7 0.340732
-1.44 6.92 0.342558
-1.44 7.14 0.342867
-1.44 7.36 0.34148
-1.44 7.58 0.338196
-1.44 7.8 0.332787
-1.44 8.02 0.325018
-1.44 8.24 0.314662
-1.44 8.46 0.301536
-1.44 8.68 0.285553
-1.44 8.9 0.266763
-1.44 9.12 0.245386
-1.44 9.34 0.221787
-1.44 9.56 0.196419
-1.44 9.78 0.169741
-1.44 10 0.142158

-1.32 -1 -0.452948
-1.32 -0.78 -0.416994
-1.32 -0.56 -0.381153
-1.32 -0.34 -0.345777
-1.32 -0.12 -0.311239
-1.32 0.1 -0.277797
-1.32 0.32 -0.245441
-1.32 0.54 -0.213796
-1.32 0.76 -0.182144
-1.32 0.98 -0.149539
-1.32 1.2 -0.114826
-1.32 1.42 -0.0763328
-1.32 1.64 -0.0301416
-1.32 1.86 0.0331458
-1.32 2.08 0.0752198
-1.32 2.3 0.108177
-1.32 2.52 0.13595
-1.32 2.74 0.160139
-1.32 2.96 0.181638
-1.32 3.18 0.201011
-1.32 3.4 0.218646
-1.32 3.62 0.234817
-1.32 3.84 0.249725
-1.32 4.06 0.263518
-1.32 4.28 0.276303
-1.32 4.5 0.288157
-1.32 4.72 0.299131
-1.32 4.94 0.309255
-1.32 5.16 0.318538
-1.32 5.38 0.326973
-1.32 5.6 0.334537
-1.32 5.82 0.341188
-1.32 6.04 0.34687
-1.32 6.26 0.351507
-1.32 6.48 0.355009
-1.32 6.7 0.357263
-1.32 6.92 0.35814
-1.32 7.14 0.357487
-1.32 7.36 0.355131
-1.32 7.58 0.350882
-1.32 7.8 0.344533
-1.32 8.02 0.335878
-1.32 8.24 0.324728
-1.32 8.46 0.310941
-1.32 8.68 0.294464
-1.32 8.9 0.275362
-1.32 9.12 0.253834
-1.32 9.34 0.2302
-1.32 9.56 0.204851
-1.32 9.78 0.178188
-1.32 10 0.150582

-1.2 -1 -0.439747
-1.2 -0.78 -0.401911
-1.2 -0.56 -0.363893
-1.2 -0.34 -0.326067
-1.2 -0.12 -0.288847
-1.2 0.1 -0.252536
-1.2 0.32 -0.217085
-1.2 0.54 -0.181921
-1.2 0.76 -0.145955
-1.2 0.98 -0.107617
-1.2 1.2 -0.0644045
-1.2 1.42 -0.00774426
-1.2 1.64 0.0536989
-1.2 1.86 0.093316
-1.2 2.08 0.125165
-1.2 2.3 0.152174
-1.2 2.52 0.175744
-1.2 2.74 0.196704
-1.2 2.96 0.215595
-1.2 3.18 0.232793
-1.2 3.4 0.248569
-1.2 3.62 0.263121
-1.2 3.84 0.276597
-1.2 4.06 0.289105
-1.2 4.28 0.300723
-1.2 4.5 0.311503
-1.2 4.72 0.321479
-1.2 4.94 0.330662
-1.2 5.16 0.339051
-1.2 5.38 0.346625
-1.2 5.6 0.35335
-1.2 5.82 0.359177
-1.2 6.04 0.364041
-1.2 6.26 0.367859
-1.2 6.48 0.370535
-1.2 6.7 0.371954
-1.2 6.92 0.371984
-1.2 7.14 0.370474
-1.2 7.36 0.367259
-1.2 7.58 0.362159
-1.2 7.8 0.354988
-1.2 8.02 0.345563
-1.2 8.24 0.33373
-1.2 8.46 0.319379
-1.2 8.68 0.30248
-1.2 8.9 0.283108
-1.2 9.12 0.261445
-1.2 9.34 0.237773
-1.2 9.56 0.212435
-1.2 9.78 0.185789
-1.2 10 0.15817

-1.08 -1 -0.426996
-1.08 -0.78 -0.387153
-1.08 -0.56 -0.346748
-1.08 -0.34 -0.306146
-1.08 -0.12 -0.265798
-1.08 0.1 -0.226035
-1.08 0.32 -0.186712
-1.08 0.54 -0.146876
-1.08 0.76 -0.104622
-1.08 0.98 -0.0564266
-1.08 1.2 0.0134504
-1.08 1.42 0.0685364
-1.08 1.64 0.107462
-1.08 1.86 0.138932
-1.08 2.08 0.165599
-1.08 2.3 0.188828
-1.08 2.52 0.209446
-1.08 2.74 0.228001
-1.08 2.96 0.244877
-1.08 3.18 0.26035
-1.08 3.4 0.274624
-1.08 3.62 0.287849
-1.08 3.84 0.300136
-1.08 4.06 0.311567
-1.08 4.28 0.322198
-1.08 4.5 0.332064
-1.08 4.72 0.341183
-1.08 4.94 0.349556
-1.08 5.16 0.357168
-1.08 5.38 0.363991
-1.08 5.6 0.369982
-1.08 5.82 0.375083
-1.08 6.04 0.379224
-1.08 6.26 0.382317
-1.08 6.48 0.38426
-1.08 6.7 0.384938
-1.08 6.92 0.384216
-1.08 7.14 0.381948
-1.08 7.36 0.377976
-1.08 7.58 0.372129
-1.08 7.8 0.364241
-1.08 8.02 0.354152
-1.08 8.24 0.341732
-1.08 8.46 0.326899
-1.08 8.68 0.30964
-1.08 8.9 0.290034
-1.08 9.12 0.26825
-1.08 9.34 0.244541
-1.08 9.56 0.219209
-1.08 9.78 0.192577
-1.08 10 0.164952

-0.96 -1 -0.414828
-0.96 -0.78 -0.372867
-0.96 -0.56 -0.329861
-0.96 -0.34 -0.286122
-0.96 -0.12 -0.242096
-0.96 0.1 -0.198106
-0.96 0.32 -0.153769
-0.96 0.54 -0.107281
-0.96 0.76 -0.0542624
-0.96 0.98 0.0232269
-0.96 1.2 0.078375
-0.96 1.42 0.117845
-0.96 1.64 0.149563
-0.96 1.86 0.176273
-0.96 2.08 0.199417
-0.96 2.3 0.219875
-0.96 2.52 0.238232
-0.96 2.74 0.254893
-0.96 2.96 0.270149
-0.96 3.18 0.284215
-0.96 3.4 0.297248
-0.96 3.62 0.309367
-0.96 3.84 0.320657
-0.96 4.06 0.331178
-0.96 4.28 0.340971
-0.96 4.5 0.350056
-0.96 4.72 0.35844
-0.96 4.94 0.366113
-0.96 5.16 0.373052
-0.96 5.38 0.379222
-0.96 5.6 0.384571
-0.96 5.82 0.389037
-0.96 6.04 0.392543
-0.96 6.26 0.394997
-0.96 6.48 0.396296
-0.96 6.7 0.39632
-0.96 6.92 0.394937
-0.96 7.14 0.392005
-0.96 7.36 0.387369
-0.96 7.58 0.380874
-0.96 7.8 0.372366
-0.96 8.02 0.361707
-0.96 8.24 0.348786
-0.96 8.46 0.333542
-0.96 8.68 0.315976
-0.96 8.9 0.296169
-0.96 9.12 0.274278
-0.96 9.34 0.250531
-0.96 9.56 0.225202
-0.96 9.78 0.198583
-0.96 10 0.170957

-0.84 -1 -0.403397
-0.84 -0.78 -0.35924
-0.84 -0.56 -0.31343
-0.84 -0.34 -0.266157
-0.84 -0.12 -0.217779
-0.84 0.1 -0.168502
-0.84 0.32 -0.117338
-0.84 0.54 -0.0600054
-0.84 0.76 0.0238095
-0.84 0.98 0.0830054
-0.84 1.2 0.124297
-0.84 1.42 0.156943
-0.84 1.64 0.184108
-0.84 1.86 0.207439
-0.84 2.08 0.227929
-0.84 2.3 0.246227
-0.84 2.52 0.262781
-0.84 2.74 0.277908
-0.84 2.96 0.291837
-0.84 3.18 0.30474
-0.84 3.4 0.316743
-0.84 3.62 0.327936
-0.84 3.84 0.338387
-0.84 4.06 0.34814
-0.84 4.28 0.357221
-0.84 4.5 0.365641
-0.84 4.72 0.373396
-0.84 4.94 0.380469
-0.84 5.16 0.38683
-0.84 5.38 0.392435
-0.84 5.6 0.397229
-0.84 5.82 0.401144
-0.84 6.04 0.404098
-0.84 6.26 0.405997
-0.84 6.48 0.406734
-0.84 6.7 0.406189
-0.84 6.92 0.404232
-0.84 7.14 0.400722
-0.84 7.36 0.395514
-0.84 7.58 0.388461
-0.84 7.8 0.379422
-0.84 8.02 0.368277
-0.84 8.24 0.354931
-0.84 8.46 0.33934
-0.84 8.68 0.321514
-0.84 8.9 0.301535
-0.84 9.12 0.27955
-0.84 9.34 0.255769
-0.84 9.56 0.23044
-0.84 9.78 0.203831
-0.84 10 0.176205

-0.72 -1 -0.39288
-0.72 -0.78 -0.346494
-0.72 -0.56 -0.29772
-0.72 -0.34 -0.246505
-0.72 -0.12 -0.192957
-0.72 0.1 -0.136885
-0.72 0.32 -0.0755693
-0.72 0.54 0.011974
-0.72 0.76 0.0813982
-0.72 0.98 0.126264
-0.72 1.2 0.160722
-0.72 1.42 0.188859
-0.72 1.64 0.212706
-0.72 1.86 0.233453
-0.72 2.08 0.251857
-0.72 2.3 0.268427
-0.72 2.52 0.283521
-0.72 2.74 0.297395
-0.72 2.96 0.310234
-0.72 3.18 0.322176
-0.72 3.4 0.333322
-0.72 3.62 0.343744
-0.72 3.84 0.353494
-0.72 4.06 0.362602
-0.72 4.28 0.371085
-0.72 4.5 0.378944
-0.72 4.72 0.386168
-0.72 4.94 0.392732
-0.72 5.16 0.398601
-0.72 5.38 0.403725
-0.72 5.6 0.408045
-0.72 5.82 0.411488
-0.72 6.04 0.41397
-0.72 6.26 0.415392
-0.72 6.48 0.415648
-0.72 6.7 0.414615
-0.72 6.92 0.412166
-0.72 7.14 0.408164
-0.72 7.36 0.402469
-0.72 7.58 0.394942
-0.72 7.8 0.385456
-0.72 8.02 0.373901
-0.72 8.24 0.360201
-0.72 8.46 0.344319
-0.72 8.68 0.326276
-0.72 8.9 0.306151
-0.72 9.12 0.284086
-0.72 9.34 0.260273
-0.72 9.56 0.234942
-0.72 9.78 0.208342
-0.72 10 0.180718

-0.6 -1 -0.383471
-0.6 -0.78 -0.334897
-0.6 -0.56 -0.283076
-0.6 -0.34 -0.227551
-0.6 -0.12 -0.167869
-0.6 0.1 -0.102747
-0.6 0.32 -0.022574
-0.6 0.54 0.0711246
-0.6 0.76 0.122583
-0.6 0.98 0.160209
-0.6 1.2 0.19006
-0.6 1.42 0.214877
-0.6 1.64 0.236179
-0.6 1.86 0.254897
-0.6 2.08 0.27164
-0.6 2.3 0.286823
-0.6 2.52 0.300737
-0.6 2.74 0.313592
-0.6 2.96 0.325542
-0.6 3.18 0.336698
-0.6 3.4 0.347142
-0.6 3.62 0.356931
-0.6 3.84 0.366103
-0.6 4.06 0.374679
-0.6 4.28 0.382668
-0.6 4.5 0.390062
-0.6 4.72 0.396844
-0.6 4.94 0.402985
-0.6 5.16 0.408444
-0.6 5.38 0.413167
-0.6 5.6 0.41709
-0.6 5.82 0.420139
-0.6 6.04 0.422224
-0.6 6.26 0.423247
-0.6 6.48 0.423098
-0.6 6.7 0.421657
-0.6 6.92 0.418796
-0.6 7.14 0.414382
-0.6 7.36 0.408281
-0.6 7.58 0.400361
-0.6 7.8 0.390505
-0.6 8.02 0.378613
-0.6 8.24 0.36462
-0.6 8.46 0.3485
-0.6 8.68 0.330278
-0.6 8.9 0.310033
-0.6 9.12 0.287901
-0.6 9.34 0.26406
-0.6 9.56 0.238726
-0.6 9.78 0.212132
-0.6 10 0.184511

-0.48 -1 -0.375378
-0.48 -0.78 -0.324752
-0.48 -0.56 -0.269935
-0.48 -0.34 -0.209862
-0.48 -0.12 -0.143002
-0.48 0.1 -0.0651753
-0.48 0.32 0.0460649
-0.48 0.54 0.110895
-0.48 0.76 0.154112
-0.48 0.98 0.186885
-0.48 1.2 0.213364
-0.48 1.42 0.235659
-0.48 1.64 0.254991
-0.48 1.86 0.272122
-0.48 2.08 0.287558
-0.48 2.3 0.301642
-0.48 2.52 0.31462
-0.48 2.74 0.326666
-0.48 2.96 0.337907
-0.48 3.18 0.348436
-0.48 3.4 0.358319
-0.48 3.62 0.3676
-0.48 3.84 0.376309
-0.48 4.06 0.384458
-0.48 4.28 0.392048
-0.48 4.5 0.399068
-0.48 4.72 0.405495
-0.48 4.94 0.411294
-0.48 5.16 0.416421
-0.48 5.38 0.420819
-0.48 5.6 0.424421
-0.48 5.82 0.427148
-0.48 6.04 0.428912
-0.48 6.26 0.42961
-0.48 6.48 0.429133
-0.48 6.7 0.42736
-0.48 6.92 0.424165
-0.48 7.14 0.419418
-0.48 7.36 0.412989
-0.48 7.58 0.404752
-0.48 7.8 0.394598
-0.48 8.02 0.382437
-0.48 8.24 0.368211
-0.48 8.46 0.351901
-0.48 8.68 0.333535
-0.48 8.9 0.313194
-0.48 9.12 0.291006
-0.48 9.34 0.267142
-0.48 9.56 0.241805
-0.48 9.78 0.215215
-0.48 10 0.187597

-0.36 -1 -0.368809
-0.36 -0.78 -0.316386
-0.36 -0.56 -0.25882
-0.36 -0.34 -0.194246
-0.36 -0.12 -0.119309
-0.36 0.1 -0.0213829
-0.36 0.32 0.0858729
-0.36 0.54 0.139917
-0.36 0.76 0.177843
-0.36 0.98 0.207167
-0.36 1.2 0.231164
-0.36 1.42 0.251573
-0.36 1.64 0.269419
-0.36 1.86 0.285349
-0.36 2.08 0.299791
-0.36 2.3 0.31304
-0.36 2.52 0.325304
-0.36 2.74 0.336732
-0.36 2.96 0.347432
-0.36 3.18 0.357481
-0.36 3.4 0.366935
-0.36 3.62 0.375828
-0.36 3.84 0.384181
-0.36 4.06 0.392003
-0.36 4.28 0.399288
-0.36 4.5 0.40602
-0.36 4.72 0.412172
-0.36 4.94 0.417708
-0.36 5.16 0.422579
-0.36 5.38 0.426726
-0.36 5.6 0.43008
-0.36 5.82 0.432559
-0.36 6.04 0.434073
-0.36 6.26 0.434521
-0.36 6.48 0.433789
-0.36 6.7 0.43176
-0.36 6.92 0.428307
-0.36 7.14 0.423304
-0.36 7.36 0.416621
-0.36 7.58 0.408142
-0.36 7.8 0.39776
-0.36 8.02 0.385393
-0.36 8.24 0.370988
-0.36 8.46 0.354533
-0.36 8.68 0.336058
-0.36 8.9 0.315642
-0.36 9.12 0.293411
-0.36 9.34 0.269529
-0.36 9.56 0.244189
-0.36 9.78 0.217603
-0.36 10 0.189987

-0.24 -1 -0.363955
-0.24 -0.78 -0.31012
-0.24 -0.56 -0.250302
-0.24 -0.34 -0.181755
-0.24 -0.12 -0.0985619
-0.24 0.1 0.0304677
-0.24 0.32 0.112125
-0.24 0.54 0.16008
-0.24 0.76 0.194513
-0.24 0.98 0.221471
-0.24 1.2 0.24374
-0.24 1.42 0.262829
-0.24 1.64 0.279631
-0.24 1.86 0.294715
-0.24 2.08 0.308458
-0.24 2.3 0.321118
-0.24 2.52 0.332879
-0.24 2.74 0.343871
-0.24 2.96 0.354189
-0.24 3.18 0.3639
-0.24 3.4 0.37305
-0.24 3.62 0.381668
-0.24 3.84 0.389771
-0.24 4.06 0.397361
-0.24 4.28 0.404429
-0.24 4.5 0.410957
-0.24 4.72 0.416915
-0.24 4.94 0.422264
-0.24 5.16 0.426953
-0.24 5.38 0.430922
-0.24 5.6 0.434099
-0.24 5.82 0.436403
-0.24 6.04 0.43774
-0.24 6.26 0.438008
-0.24 6.48 0.437096
-0.24 6.7 0.434884
-0.24 6.92 0.431249
-0.24 7.14 0.426062
-0.24 7.36 0.419201
-0.24 7.58 0.41055
-0.24 7.8 0.400007
-0.24 8.02 0.387494
-0.24 8.24 0.372964
-0.24 8.46 0.356406
-0.24 8.68 0.337854
-0.24 8.9 0.317386
-0.24 9.12 0.295124
-0.24 9.34 0.271228
-0.24 9.56 0.245886
-0.24 9.78 0.219303
-0.24 10 0.191688

-0.12 -1 -0.360973
-0.12 -0.78 -0.306233
-0.12 -0.56 -0.244923
-0.12 -0.34 -0.173576
-0.12 -0.12 -0.0836701
-0.12 0.1 0.0547668
-0.12 0.32 0.127436
-0.12 0.54 0.172034
-0.12 0.76 0.204434
-0.12 0.98 0.229995
-0.12 1.2 0.25124
-0.12 1.42 0.269543
-0.12 1.64 0.285725
-0.12 1.86 0.300306
-0.12 2.08 0.313632
-0.12 2.3 0.325941
-0.12 2.52 0.337402
-0.12 2.74 0.348135
-0.12 2.96 0.358225
-0.12 3.18 0.367735
-0.12 3.4 0.376704
-0.12 3.62 0.385159
-0.12 3.84 0.393112
-0.12 4.06 0.400563
-0.12 4.28 0.407502
-0.12 4.5 0.413909
-0.12 4.72 0.419751
-0.12 4.94 0.424988
-0.12 5.16 0.429569
-0.12 5.38 0.433431
-0.12 5.6 0.436502
-0.12 5.82 0.4387
-0.12 6.04 0.439931
-0.12 6.26 0.440092
-0.12 6.48 0.439072
-0.12 6.7 0.436752
-0.12 6.92 0.433006
-0.12 7.14 0.427711
-0.12 7.36 0.420743
-0.12 7.58 0.411989
-0.12 7.8 0.40135
-0.12 8.02 0.388751
-0.12 8.24 0.374146
-0.12 8.46 0.357527
-0.12 8.68 0.338929
-0.12 8.9 0.31843
-0.12 9.12 0.29615
-0.12 9.34 0.272246
-0.12 9.56 0.246902
-0.12 9.78 0.22032
-0.12 10 0.192707

1.66533e-15 -1 -0.359967
1.66533e-15 -0.78 -0.304914
1.66533e-15 -0.56 -0.24308
1.66533e-15 -0.34 -0.170715
1.66533e-15 -0.12 -0.0781247
1.66533e-15 0.1 0.062356
1.66533e-15 0.32 0.132491
1.66533e-15 0.54 0.176001
1.66533e-15 0.76 0.20773
1.66533e-15 0.98 0.232828
1.66533e-15 1.2 0.253733
1.66533e-15 1.42 0.271775
1.66533e-15 1.64 0.287751
1.66533e-15 1.86 0.302164
1.66533e-15 2.08 0.315352
1.66533e-15 2.3 0.327545
1.66533e-15 2.52 0.338907
1.66533e-15 2.74 0.349553
1.66533e-15 2.96 0.359568
1.66533e-15 3.18 0.36901
1.66533e-15 3.4 0.377919
1.66533e-15 3.62 0.38632
1.66533e-15 3.84 0.394223
1.66533e-15 4.06 0.401628
1.66533e-15 4.28 0.408525
1.66533e-15 4.5 0.414891
1.66533e-15 4.72 0.420694
1.66533e-15 4.94 0.425895
1.66533e-15 5.16 0.430439
1.66533e-15 5.38 0.434266
1.66533e-15 5.6 0.437302
1.66533e-15 5.82 0.439465
1.66533e-15 6.04 0.44066
1.66533e-15 6.26 0.440786
1.66533e-15 6.48 0.43973
1.66533e-15 6.7 0.437373
1.66533e-15 6.92 0.433591
1.66533e-15 7.14 0.428259
1.66533e-15 7.36 0.421256
1.66533e-15 7.58 0.412468
1.66533e-15 7.8 0.401797
1.66533e-15 8.02 0.389169
1.66533e-15 8.24 0.374539
1.66533e-15 8.46 0.357901
1.66533e-15 8.68 0.339288
1.66533e-15 8.9 0.318778
1.66533e-15 9.12 0.296492
1.66533e-15 9.34 0.272585
1.66533e-15 9.56 0.247241
1.66533e-15 9.78 0.220659
1.66533e-15 10 0.193046

0.12 -1 -0.360973
0.12 -0.78 -0.306233
0.12 -0.56 -0.244923
0.12 -0.34 -0.173576
0.12 -0.12 -0.0836701
0.12 0.1 0.0547668
0.12 0.32 0.127436
0.12 0.54 0.172034
0.12 0.76 0.204434
0.12 0.98 0.229995
0.12 1.2 0.25124
0.12 1.42 0.269543
0.12 1.64 0.285725
0.12 1.86 0.300306
0.12 2.08 0.313632
0.12 2.3 0.325941
0.12 2.52 0.337402
0.12 2.74 0.348135
0.12 2.96 0.358225
0.12 3.18 0.367735
0.12 3.4 0.376704
0.12 3.62 0.385159
0.12 3.84 0.393112
0.12 4.06 0.400563
0.12 4.28 0.407502
0.12 4.5 0.413909
0.12 4.72 0.419751
0.12 4.94 0.424988
0.12 5.16 0.429569
0.12 5.38 0.433431
0.12 5.6 0.436502
0.12 5.82 0.4387
0.12 6.04 0.439931
0.12 6.26 0.440092
0.12 6.48 0.439072
0.12 6.7 0.436752
0.12 6.92 0.433006
0.12 7.14 0.427711
0.12 7.36 0.420743
0.12 7.58 0.411989
0.12 7.8 0.40135
0.12 8.02 0.388751
0.12 8.24 0.374146
0.12 8.46 0.357527
0.12 8.68 0.338929
0.12 8.9 0.31843
0.12 9.12 0.29615
0.12 9.34 0.272246
0.12 9.56 0.246902
0.12 9.78 0.22032
0.12 10 0.192707

0.24 -1 -0.363955
0.24 -0.78 -0.31012
0.24 -0.56 -0.250302
0.24 -0.34 -0.181755
0.24 -0.12 -0.0985619
0.24 0.1 0.0304677
0.24 0.32 0.112125
0.24 0.54 0.16008
0.24 0.76 0.194513
0.24 0.98 0.221471
0.24 1.2 0.24374
0.24 1.42 0.262829
0.24 1.64 0.279631
0.24 1.86 0.294715
0.24 2.08 0.308458
0.24 2.3 0.321118
0.24 2.52 0.332879
0.24 2.74 0.343871
0.24 2.96 0.354189
0.24 3.18 0.3639
0.24 3.4 0.37305
0.24 3.62 0.381668
0.24 3.84 0.389771
0.24 4.06 0.397361
0.24 4.28 0.404429
0.24 4.5 0.410957
0.24 4.72 0.416915
0.24 4.94 0.422264
0.24 5.16 0.426953
0.24 5.38 0.430922
0.24 5.6 0.434099
0.24 5.82 0.436403
0.24 6.04 0.43774
0.24 6.26 0.438008
0.24 6.48 0.437096
0.24 6.7 0.434884
0.24 6.92 0.431249
0.24 7.14 0.426062
0.24 7.36 0.419201
0.24 7.58 0.41055
0.24 7.8 0.400007
0.24 8.02 0.387494
0.24 8.24 0.372964
0.24 8.46 0.356406
0.24 8.68 0.337854
0.24 8.9 0.317386
0.24 9.12 0.295124
0.24 9.34 0.271228
0.24 9.56 0.245886
0.24 9.78 0.219303
0.24 10 0.191688

0.36 -1 -0.368809
0.36 -0.78 -0.316386
0.36 -0.56 -0.25882
0.36 -0.34 -0.194246
0.36 -0.12 -0.119309
0.36 0.1 -0.0213829
0.36 0.32 0.0858729
0.36 0.54 0.139917
0.36 0.76 0.177843
0.36 0.98 0.207167
0.36 1.2 0.231164
0.36 1.42 0.251573
0.36 1.64 0.269419
0.36 1.86 0.285349
0.36 2.08 0.299791
0.36 2.3 0.31304
0.36 2.52 0.325304
0.36 2.74 0.336732
0.36 2.96 0.347432
0.36 3.18 0.357481
0.36 3.4 0.366935
0.36 3.62 0.375828
0.36 3.84 0.384181
0.36 4.06 0.392003
0.36 4.28 0.399288
0.36 4.5 0.40602
0.36 4.72 0.412172
0.36 4.94 0.417708
0.36 5.16 0.422579
0.36 5.38 0.426726
0.36 5.6 0.43008
0.36 5.82 0.432559
0.36 6.04 0.434073
0.36 6.26 0.434521
0.36 6.48 0.433789
0.36 6.7 0.43176
0.36 6.92 0.428307
0.36 7.14 0.423304
0.36 7.36 0.416621
0.36 7.58 0.408142
0.36 7.8 0.39776
0.36 8.02 0.385393
0.36 8.24 0.370988
0.36 8.46 0.354533
0.36 8.68 0.336058
0.36 8.9 0.315642
0.36 9.12 0.293411
0.36 9.34 0.269529
0.36 9.56 0.244189
0.36 9.78 0.217603
0.36 10 0.189987

0.48 -1 -0.375378
0.48 -0.78 -0.324752
0.48 -0.56 -0.269935
0.48 -0.34 -0.209862
0.48 -0.12 -0.143002
0.48 0.1 -0.0651753
0.48 0.32 0.0460649
0.48 0.54 0.110895
0.48 0.76 0.154112
0.48 0.98 0.186885
0.48 1.2 0.213364
0.48 1.42 0.235659
0.48 1.64 0.254991
0.48 1.86 0.272122
0.48 2.08 0.287558
0.48 2.3 0.301642
0.48 2.52 0.31462
0.48 2.74 0.326666
0.48 2.96 0.337907
0.48 3.18 0.348436
0.48 3.4 0.358319
0.48 3.62 0.3676
0.48 3.84 0.376309
0.48 4.06 0.384458
0.48 4.28 0.392048
0.48 4.5 0.399068
0.48 4.72 0.405495
0.48 4.94 0.411294
0.48 5.16 0.416421
0.48 5.38 0.420819
0.48 5.6 0.424421
0.48 5.82 0.427148
0.48 6.04 0.428912
0.48 6.26 0.42961
0.48 6.48 0.429133
0.48 6.7 0.42736
0.48 6.92 0.424165
0.48 7.14 0.419418
0.48 7.36 0.412989
0.48 7.58 0.404752
0.48 7.8 0.394598
0.48 8.02 0.382437
0.48 8.24 0.368211
0.48 8.46 0.351901
0.48 8.68 0.333535
0.48 8.9 0.313194
0.48 9.12 0.291006
0.48 9.34 0.267142
0.48 9.56 0.241805
0.48 9.78 0.215215
0.48 10 0.187597

0.6 -1 -0.383471
0.6 -0.78 -0.334897
0.6 -0.56 -0.283076
0.6 -0.34 -0.227551
0.6 -0.12 -0.167869
0.6 0.1 -0.102747
0.6 0.32 -0.022574
0.6 0.54 0.0711246
0.6 0.76 0.122583
0.6 0.98 0.160209
0.6 1.2 0.19006
0.6 1.42 0.214877
0.6 1.64 0.236179
0.6 1.86 0.254897
0.6 2.08 0.27164
0.6 2.3 0.286823
0.6 2.52 0.300737
0.6 2.74 0.313592
0.6 2.96 0.325542
0.6 3.18 0.336698
0.6 3.4 0.347142
0.6 3.62 0.356931
0.6 3.84 0.366103
0.6 4.06 0.374679
0.6 4.28 0.382668
0.6 4.5 0.390062
0.6 4.72 0.396844
0.6 4.94 0.402985
0.6 5.16 0.408444
0.6 5.38 0.413167
0.6 5.6 0.41709
0.6 5.82 0.420139
0.6 6.04 0.422224
0.6 6.26 0.423247
0.6 6.48 0.423098
0.6 6.7 0.421657
0.6 6.92 0.418796
0.6 7.14 0.414382
0.6 7.36 0.408281
0.6 7.58 0.400361
0.6 7.8 0.390505
0.6 8.02 0.378613
0.6 8.24 0.36462
0.6 8.46 0.3485
0.6 8.68 0.330278
0.6 8.9 0.310033
0.6 9.12 0.287901
0.6 9.34 0.26406
0.6 9.56 0.238726
0.6 9.78 0.212132
0.6 10 0.184511

0.72 -1 -0.39288
0.72 -0.78 -0.346494
0.72 -0.56 -0.29772
0.72 -0.34 -0.246505
0.72 -0.12 -0.192957
0.72 0.1 -0.136885
0.72 0.32 -0.0755693
0.72 0.54 0.011974
0.72 0.76 0.0813982
0.72 0.98 0.126264
0.72 1.2 0.160722
0.72 1.42 0.188859
0.72 1.64 0.212706
0.72 1.86 0.233453
0.72 2.08 0.251857
0.72 2.3 0.268427
0.72 2.52 0.283521
0.72 2.74 0.297395
0.72 2.96 0.310234
0.72 3.18 0.322176
0.72 3.4 0.333322
0.72 3.62 0.343744
0.72 3.84 0.353494
0.72 4.06 0.362602
0.72 4.28 0.371085
0.72 4.5 0.378944
0.72 4.72 0.386168
0.72 4.94 0.392732
0.72 5.16 0.398601
0.72 5.38 0.403725
0.72 5.6 0.408045
0.72 5.82 0.411488
0.72 6.04 0.41397
0.72 6.26 0.415392
0.72 6.48 0.415648
0.72 6.7 0.414615
0.72 6.92 0.412166
0.72 7.14 0.408164
0.72 7.36 0.402469
0.72 7.58 0.394942
0.72 7.8 0.385456
0.72 8.02 0.373901
0.72 8.24 0.360201
0.72 8.46 0.344319
0.72 8.68 0.326276
0.72 8.9 0.306151
0.72 9.12 0.284086
0.72 9.34 0.260273
0.72 9.56 0.234942
0.72 9.78 0.208342
0.72 10 0.180718

0.84 -1 -0.403397
0.84 -0.78 -0.35924
0.84 -0.56 -0.31343
0.84 -0.34 -0.266157
0.84 -0.12 -0.217779
0.84 0.1 -0.168502
0.84 0.32 -0.117338
0.84 0.54 -0.0600054
0.84 0.76 0.0238095
0.84 0.98 0.0830054
0.84 1.2 0.124297
0.84 1.42 0.156943
0.84 1.64 0.184108
0.84 1.86 0.207439
0.84 2.08 0.227929
0.84 2.3 0.246227
0.84 2.52 0.262781
0.84 2.74 0.277908
0.84 2.96 0.291837
0.84 3.18 0.30474
0.84 3.4 0.316743
0.84 3.62 0.327936
0.84 3.84 0.338387
0.84 4.06 0.34814
0.84 4.28 0.357221
0.84 4.5 0.365641
0.84 4.72 0.373396
0.84 4.94 0.380469
0.84 5.16 0.38683
0.84 5.38 0.392435
0.84 5.6 0.397229
0.84 5.82 0.401144
0.84 6.04 0.404098
0.84 6.26 0.405997
0.84 6.48 0.406734
0.84 6.7 0.406189
0.84 6.92 0.404232
0.84 7.14 0.400722
0.84 7.36 0.395514
0.84 7.58 0.388461
0.84 7.8 0.379422
0.84 8.02 0.368277
0.84 8.24 0.354931
0.84 8.46 0.33934
0.84 8.68 0.321514
0.84 8.9 0.301535
0.84 9.12 0.27955
0.84 9.34 0.255769
0.84 9.56 0.23044
0.84 9.78 0.203831
0.84 10 0.176205

0.96 -1 -0.414828
0.96 -0.78 -0.372867
0.96 -0.56 -0.329861
0.96 -0.34 -0.286122
0.96 -0.12 -0.242096
0.96 0.1 -0.198106
0.96 0.32 -0.153769
0.96 0.54 -0.107281
0.96 0.76 -0.0542624
0.96 0.98 0.0232269
0.96 1.2 0.078375
0.96 1.42 0.117845
0.96 1.64 0.149563
0.96 1.86 0.176273
0.96 2.08 0.199417
0.96 2.3 0.219875
0.96 2.52 0.238232
0.96 2.74 0.254893
0.96 2.96 0.270149
0.96 3.18 0.284215
0.96 3.4 0.297248
0.96 3.62 0.309367
0.96 3.84 0.320657
0.96 4.06 0.331178
0.96 4.28 0.340971
0.96 4.5 0.350056
0.96 4.72 0.35844
0.96 4.94 0.366113
0.96 5.16 0.373052
0.96 5.38 0.379222
0.96 5.6 0.384571
0.96 5.82 0.389037
0.96 6.04 0.392543
0.96 6.26 0.394997
0.96 6.48 0.396296
0.96 6.7 0.39632
0.96 6.92 0.394937
0.96 7.14 0.392005
0.96 7.36 0.387369
0.96 7.58 0.380874
0.96 7.8 0.372366
0.96 8.02 0.361707
0.96 8.24 0.348786
0.96 8.46 0.333542
0.96 8.68 0.315976
0.96 8.9 0.296169
0.96 9.12 0.274278
0.96 9.34 0.250531
0.96 9.56 0.225202
0.96 9.78 0.198583
0.96 10 0.170957

1.08 -1 -0.426996
1.08 -0.78 -0.387153
1.08 -0.56 -0.346748
1.08 -0.34 -0.306146
1.08 -0.12 -0.265798
1.08 0.1 -0.226035
1.08 0.32 -0.186712
1.08 0.54 -0.146876
1.08 0.76 -0.104622
1.08 0.98 -0.0564266
1.08 1.2 0.0134504
1.08 1.42 0.0685364
1.08 1.64 0.107462
1.08 1.86 0.138932
1.08 2.08 0.165599
1.08 2.3 0.188828
1.08 2.52 0.209446
1.08 2.74 0.228001
1.08 2.96 0.244877
1.08 3.18 0.26035
1.08 3.4 0.274624
1.08 3.62 0.287849
1.08 3.84 0.300136
1.08 4.06 0.311567
1.08 4.28 0.322198
1.08 4.5 0.332064
1.08 4.72 0.341183
1.08 4.94 0.349556
1.08 5.16 0.357168
1.08 5.38 0.363991
1.08 5.6 0.369982
1.08 5.82 0.375083
1.08 6.04 0.379224
1.08 6.26 0.382317
1.08 6.48 0.38426
1.08 6.7 0.384938
1.08 6.92 0.384216
1.08 7.14 0.381948
1.08 7.36 0.377976
1.08 7.58 0.372129
1.08 7.8 0.364241
1.08 8.02 0.354152
1.08 8.24 0.341732
1.08 8.46 0.326899
1.08 8.68 0.30964
1.08 8.9 0.290034
1.08 9.12 0.26825
1.08 9.34 0.244541
1.08 9.56 0.219209
1.08 9.78 0.192577
1.08 10 0.164952

1.2 -1 -0.439747
1.2 -0.78 -0.401911
1.2 -0.56 -0.363893
1.2 -0.34 -0.326067
1.2 -0.12 -0.288847
1.2 0.1 -0.252536
1.2 0.32 -0.217085
1.2 0.54 -0.181921
1.2 0.76 -0.145955
1.2 0.98 -0.107617
1.2 1.2 -0.0644045
1.2 1.42 -0.00774426
1.2 1.64 0.0536989
1.2 1.86 0.093316
1.2 2.08 0.125165
1.2 2.3 0.152174
1.2 2.52 0.175744
1.2 2.74 0.196704
1.2 2.96 0.215595
1.2 3.18 0.232793
1.2 3.4 0.248569
1.2 3.62 0.263121
1.2 3.84 0.276597
1.2 4.06 0.289105
1.2 4.28 0.300723
1.2 4.5 0.311503
1.2 4.72 0.321479
1.2 4.94 0.330662
1.2 5.16 0.339051
1.2 5.38 0.346625
1.2 5.6 0.35335
1.2 5.82 0.359177
1.2 6.04 0.364041
1.2 6.26 0.367859
1.2 6.48 0.370535
1.2 6.7 0.371954
1.2 6.92 0.371984
1.2 7.14 0.370474
1.2 7.36 0.367259
1.2 7.58 0.362159
1.2 7.8 0.354988
1.2 8.02 0.345563
1.2 8.24 0.33373
1.2 8.46 0.319379
1.2 8.68 0.30248
1.2 8.9 0.283108
1.2 9.12 0.261445
1.2 9.34 0.237773
1.2 9.56 0.212435
1.2 9.78 0.185789
1.2 10 0.15817

1.32 -1 -0.452948
1.32 -0.78 -0.416994
1.32 -0.56 -0.381153
1.32 -0.34 -0.345777
1.32 -0.12 -0.311239
1.32 0.1 -0.277797
1.32 0.32 -0.245441
1.32 0.54 -0.213796
1.32 0.76 -0.182144
1.32 0.98 -0.149539
1.32 1.2 -0.114826
1.32 1.42 -0.0763328
1.32 1.64 -0.0301416
1.32 1.86 0.0331458
1.32 2.08 0.0752198
1.32 2.3 0.108177
1.32 2.52 0.13595
1.32 2.74 0.160139
1.32 2.96 0.181638
1.32 3.18 0.201011
1.32 3.4 0.218646
1.32 3.62 0.234817
1.32 3.84 0.249725
1.32 4.06 0.263518
1.32 4.28 0.276303
1.32 4.5 0.288157
1.32 4.72 0.299131
1.32 4.94 0.309255
1.32 5.16 0.318538
1.32 5.38 0.326973
1.32 5.6 0.334537
1.32 5.82 0.341188
1.32 6.04 0.34687
1.32 6.26 0.351507
1.32 6.48 0.355009
1.32 6.7 0.357263
1.32 6.92 0.35814
1.32 7.14 0.357487
1.32 7.36 0.355131
1.32 7.58 0.350882
1.32 7.8 0.344533
1.32 8.02 0.335878
1.32 8.24 0.324728
1.32 8.46 0.310941
1.32 8.68 0.294464
1.32 8.9 0.275362
1.32 9.12 0.253834
1.32 9.34 0.2302
1.32 9.56 0.204851
1.32 9.78 0.178188
1.32 10 0.150582

1.44 -1 -0.466488
1.44 -0.78 -0.432287
1.44 -0.56 -0.398419
1.44 -0.34 -0.365213
1.44 -0.12 -0.332989
1.44 0.1 -0.301965
1.44 0.32 -0.272148
1.44 0.54 -0.243269
1.44 0.76 -0.214819
1.44 0.98 -0.18614
1.44 1.2 -0.156503
1.44 1.42 -0.125093
1.44 1.64 -0.0908237
1.44 1.86 -0.0516503
1.44 2.08 0.00213672
1.44 2.3 0.0524594
1.44 2.52 0.0876389
1.44 2.74 0.11673
1.44 2.96 0.141883
1.44 3.18 0.164157
1.44 3.4 0.184187
1.44 3.62 0.202394
1.44 3.84 0.219068
1.44 4.06 0.234422
1.44 4.28 0.248607
1.44 4.5 0.261735
1.44 4.72 0.273882
1.44 4.94 0.285101
1.44 5.16 0.295419
1.44 5.38 0.304844
1.44 5.6 0.313364
1.44 5.82 0.32095
1.44 6.04 0.327555
1.44 6.26 0.333114
1.44 6.48 0.337542
1.44 6.7 0.340732
1.44 6.92 0.342558
1.44 7.14 0.342867
1.44 7.36 0.34148
1.44 7.58 0.338196
1.44 7.8 0.332787
1.44 8.02 0.325018
1.44 8.24 0.314662
1.44 8.46 0.301536
1.44 8.68 0.285553
1.44 8.9 0.266763
1.44 9.12 0.245386
1.44 9.34 0.221787
1.44 9.56 0.196419
1.44 9.78 0.169741
1.44 10 0.142158

1.56 -1 -0.480276
1.56 -0.78 -0.447696
1.56 -0.56 -0.415618
1.56 -0.34 -0.384335
1.56 -0.12 -0.354123
1.56 0.1 -0.325163
1.56 0.32 -0.297466
1.56 0.54 -0.27083
1.56 0.76 -0.244872
1.56 0.98 -0.219099
1.56 1.2 -0.192979
1.56 1.42 -0.165978
1.56 1.64 -0.13753
1.56 1.86 -0.106931
1.56 2.08 -0.0730488
1.56 2.3 -0.0331755
1.56 2.52 0.0227978
1.56 2.74 0.0627832
1.56 2.96 0.0940982
1.56 3.18 0.120708
1.56 3.4 0.144076
1.56 3.62 0.16499
1.56 3.84 0.183937
1.56 4.06 0.20125
1.56 4.28 0.217158
1.56 4.5 0.231828
1.56 4.72 0.245378
1.56 4.94 0.257889
1.56 5.16 0.269416
1.56 5.38 0.279984
1.56 5.6 0.289601
1.56 5.82 0.298252
1.56 6.04 0.305902
1.56 6.26 0.312497
1.56 6.48 0.317962
1.56 6.7 0.322199
1.56 6.92 0.325085
1.56 7.14 0.326469
1.56 7.36 0.32617
1.56 7.58 0.323974
1.56 7.8 0.319635
1.56 8.02 0.312885
1.56 8.24 0.303452
1.56 8.46 0.291101
1.56 8.68 0.275697
1.56 8.9 0.257269
1.56 9.12 0.236058
1.56 9.34 0.212491
1.56 9.56 0.187098
1.56 9.78 0.160406
1.56 10 0.132861

1.68 -1 -0.494234
1.68 -0.78 -0.463151
1.68 -0.56 -0.432693
1.68 -0.34 -0.403121
1.68 -0.12 -0.374671
1.68 0.1 -0.34749
1.68 0.32 -0.32159
1.68 0.54 -0.296813
1.68 0.76 -0.27286
1.68 0.98 -0.249342
1.68 1.2 -0.225842
1.68 1.42 -0.201955
1.68 1.64 -0.177298
1.68 1.86 -0.151475
1.68 2.08 -0.124027
1.68 2.3 -0.0942926
1.68 2.52 -0.0610683
1.68 2.74 -0.0209067
1.68 2.96 0.0316112
1.68 3.18 0.0672034
1.68 3.4 0.0961179
1.68 3.62 0.121065
1.68 3.84 0.143182
1.68 4.06 0.163103
1.68 4.28 0.181231
1.68 4.5 0.197836
1.68 4.72 0.213108
1.68 4.94 0.22718
1.68 5.16 0.240143
1.68 5.38 0.252054
1.68 5.6 0.262943
1.68 5.82 0.272816
1.68 6.04 0.281655
1.68 6.26 0.289421
1.68 6.48 0.296051
1.68 6.7 0.301457
1.68 6.92 0.305525
1.68 7.14 0.308109
1.68 7.36 0.309027
1.68 7.58 0.308057
1.68 7.8 0.304934
1.68 8.02 0.299355
1.68 8.24 0.290996
1.68 8.46 0.279556
1.68 8.68 0.264835
1.68 8.9 0.246831
1.68 9.12 0.225804
1.68 9.34 0.20226
1.68 9.56 0.176833
1.68 9.78 0.150132
1.68 10 0.122651

1.8 -1 -0.508302
1.8 -0.78 -0.478597
1.8 -0.56 -0.449607
1.8 -0.34 -0.421563
1.8 -0.12 -0.394663
1.8 0.1 -0.36903
1.8 0.32 -0.344672
1.8 0.54 -0.321463
1.8 0.76 -0.29916
1.8 0.98 -0.27745
1.8 1.2 -0.255989
1.8 1.42 -0.23445
1.8 1.64 -0.212531
1.8 1.86 -0.189953
1.8 2.08 -0.166442
1.8 2.3 -0.141689
1.8 2.52 -0.115293
1.8 2.74 -0.0866313
1.8 2.96 -0.0544975
1.8 3.18 -0.0150585
1.8 3.4 0.0339213
1.8 3.62 0.067132
1.8 3.84 0.0945345
1.8 4.06 0.118367
1.8 4.28 0.139604
1.8 4.5 0.158797
1.8 4.72 0.176292
1.8 4.94 0.192323
1.8 5.16 0.207048
1.8 5.38 0.220574
1.8 5.6 0.232969
1.8 5.82 0.244268
1.8 6.04 0.254478
1.8 6.26 0.263578
1.8 6.48 0.271525
1.8 6.7 0.278244
1.8 6.92 0.283635
1.8 7.14 0.287559
1.8 7.36 0.289838
1.8 7.58 0.290245
1.8 7.8 0.288501
1.8 8.02 0.284266
1.8 8.24 0.277158
1.8 8.46 0.266796
1.8 8.68 0.252892
1.8 8.9 0.235385
1.8 9.12 0.214561
1.8 9.34 0.19103
1.8 9.56 0.165559
1.8 9.78 0.138864
1.8 10 0.111483

1.92 -1 -0.522429
1.92 -0.78 -0.493991
1.92 -0.56 -0.466334
1.92 -0.34 -0.439657
1.92 -0.12 -0.41413
1.92 0.1 -0.389853
1.92 0.32 -0.366832
1.92 0.54 -0.344963
1.92 0.76 -0.324045
1.92 0.98 -0.303817
1.92 1.2 -0.283993
1.92 1.42 -0.264294
1.92 1.64 -0.244467
1.92 1.86 -0.224288
1.92 2.08 -0.203554
1.92 2.3 -0.182071
1.92 2.52 -0.159628
1.92 2.74 -0.135972
1.92 2.96 -0.110751
1.92 3.18 -0.0834013
1.92 3.4 -0.0528202
1.92 3.62 -0.0155967
1.92 3.84 0.0312266
1.92 4.06 0.0633014
1.92 4.28 0.0898292
1.92 4.5 0.112956
1.92 4.72 0.133599
1.92 4.94 0.152266
1.92 5.16 0.169274
1.92 5.38 0.18483
1.92 5.6 0.19907
1.92 5.82 0.212079
1.92 6.04 0.223902
1.92 6.26 0.234551
1.92 6.48 0.244006
1.92 6.7 0.252215
1.92 6.92 0.259093
1.92 7.14 0.264519
1.92 7.36 0.268322
1.92 7.58 0.270279
1.92 7.8 0.270097
1.92 8.02 0.267407
1.92 8.24 0.261764
1.92 8.46 0.252687
1.92 8.68 0.239766
1.92 8.9 0.222854
1.92 9.12 0.202254
1.92 9.34 0.178719
1.92 9.56 0.153199
1.92 9.78 0.126533
1.92 10 0.0993052

2.04 -1 -0.536575
2.04 -0.78 -0.509303
2.04 -0.56 -0.482855
2.04 -0.34 -0.457407
2.04 -0.12 -0.433101
2.04 0.1 -0.410022
2.04 0.32 -0.38817
2.04 0.54 -0.367457
2.04 0.76 -0.347717
2.04 0.98 -0.328728
2.04 1.2 -0.310246
2.04 1.42 -0.292029
2.04 1.64 -0.273857
2.04 1.86 -0.255537
2.04 2.08 -0.236901
2.04 2.3 -0.217801
2.04 2.52 -0.198096
2.04 2.74 -0.177641
2.04 2.96 -0.15627
2.04 3.18 -0.13377
2.04 3.4 -0.109841
2.04 3.62 -0.084
2.04 3.84 -0.0553337
2.04 4.06 -0.0213247
2.04 4.28 0.0240144
2.04 4.5 0.0560656
2.04 4.72 0.0822654
2.04 4.94 0.105037
2.04 5.16 0.125327
2.04 5.38 0.143641
2.04 5.6 0.160282
2.04 5.82 0.175444
2.04 6.04 0.189242
2.04 6.26 0.201742
2.04 6.48 0.212966
2.04 6.7 0.222894
2.04 6.92 0.23147
2.04 7.14 0.238594
2.04 7.36 0.244114
2.04 7.58 0.247818
2.04 7.8 0.249411
2.04 8.02 0.248498
2.04 8.24 0.244574
2.04 8.46 0.237041
2.04 8.68 0.225326
2.04 8.9 0.209138
2.04 9.12 0.188787
2.04 9.34 0.165226
2.04 9.56 0.139654
2.04 9.78 0.113062
2.04 10 0.0860639

2.16 -1 -0.550707
2.16 -0.78 -0.524508
2.16 -0.56 -0.499161
2.16 -0.34 -0.47482
2.16 -0.12 -0.451606
2.16 0.1 -0.429588
2.16 0.32 -0.408766
2.16 0.54 -0.389062
2.16 0.76 -0.370335
2.16 0.98 -0.352395
2.16 1.2 -0.335032
2.16 1.42 -0.318033
2.16 1.64 -0.301202
2.16 1.86 -0.284367
2.16 2.08 -0.26738
2.16 2.3 -0.250115
2.16 2.52 -0.232462
2.16 2.74 -0.214318
2.16 2.96 -0.195581
2.16 3.18 -0.176138
2.16 3.4 -0.155855
2.16 3.62 -0.134557
2.16 3.84 -0.111997
2.16 4.06 -0.0877849
2.16 4.28 -0.0612218
2.16 4.5 -0.0306494
2.16 4.72 0.0118281
2.16 4.94 0.0454814
2.16 5.16 0.0719407
2.16 5.38 0.0947063
2.16 5.6 0.114879
2.16 5.82 0.133005
2.16 6.04 0.149394
2.16 6.26 0.164231
2.16 6.48 0.177618
2.16 6.7 0.189597
2.16 6.92 0.200157
2.16 7.14 0.209236
2.16 7.36 0.216715
2.16 7.58 0.222404
2.16 7.8 0.226019
2.16 8.02 0.227159
2.16 8.24 0.225261
2.16 8.46 0.219602
2.16 8.68 0.20939
2.16 8.9 0.194106
2.16 9.12 0.174035
2.16 9.34 0.150416
2.16 9.56 0.124805
2.16 9.78 0.0983623
2.16 10 0.0717038

2.28 -1 -0.5648
2.28 -0.78 -0.539588
2.28 -0.56 -0.515245
2.28 -0.34 -0.491905
2.28 -0.12 -0.469671
2.28 0.1 -0.4486
2.28 0.32 -0.428689
2.28 0.54 -0.409871
2.28 0.76 -0.392023
2.28 0.98 -0.374983
2.28 1.2 -0.358565
2.28 1.42 -0.342581
2.28 1.64 -0.326856
2.28 1.86 -0.311232
2.28 2.08 -0.295575
2.28 2.3 -0.279772
2.28 2.52 -0.263727
2.28 2.74 -0.247356
2.28 2.96 -0.230583
2.28 3.18 -0.213335
2.28 3.4 -0.195535
2.28 3.62 -0.177094
2.28 3.84 -0.157905
2.28 4.06 -0.137827
2.28 4.28 -0.116664
2.28 4.5 -0.0941172
2.28 4.72 -0.0696798
2.28 4.94 -0.042311
2.28 5.16 -0.00822629
2.28 5.38 0.031208
2.28 5.6 0.0587774
2.28 5.82 0.0819623
2.28 6.04 0.102287
2.28 6.26 0.120405
2.28 6.48 0.13666
2.28 6.7 0.151239
2.28 6.92 0.16423
2.28 7.14 0.175641
2.28 7.36 0.185408
2.28 7.58 0.193389
2.28 7.8 0.199334
2.28 8.02 0.202853
2.28 8.24 0.203356
2.28 8.46 0.199994
2.28 8.68 0.191698
2.28 8.9 0.177581
2.28 9.12 0.157829
2.28 9.34 0.134115
2.28 9.56 0.108506
2.28 9.78 0.082337
2.28 10 0.0561722

2.4 -1 -0.578833
2.4 -0.78 -0.55453
2.4 -0.56 -0.531104
2.4 -0.34 -0.508671
2.4 -0.12 -0.48732
2.4 0.1 -0.467097
2.4 0.32 -0.447998
2.4 0.54 -0.429963
2.4 0.76 -0.412885
2.4 0.98 -0.396623
2.4 1.2 -0.381012
2.4 1.42 -0.365885
2.4 1.64 -0.351083
2.4 1.86 -0.336462
2.4 2.08 -0.321898
2.4 2.3 -0.307284
2.4 2.52 -0.292533
2.4 2.74 -0.277572
2.4 2.96 -0.262336
2.4 3.18 -0.246769
2.4 3.4 -0.230817
2.4 3.62 -0.214425
2.4 3.84 -0.197535
2.4 4.06 -0.180078
2.4 4.28 -0.161969
2.4 4.5 -0.143099
2.4 4.72 -0.123316
2.4 4.94 -0.102399
2.4 5.16 -0.0799966
2.4 5.38 -0.0554627
2.4 5.6 -0.0272432
2.4 5.82 0.0117898
2.4 6.04 0.0424097
2.4 6.26 0.0666664
2.4 6.48 0.0875026
2.4 6.7 0.105841
2.4 6.92 0.122104
2.4 7.14 0.136495
2.4 7.36 0.149076
2.4 7.58 0.159796
2.4 7.8 0.168483
2.4 8.02 0.174798
2.4 8.24 0.178166
2.4 8.46 0.177648
2.4 8.68 0.171856
2.4 8.9 0.159315
2.4 9.12 0.139937
2.4 9.34 0.116082
2.4 9.56 0.0905788
2.4 9.78 0.0648877
2.4 10 0.0394265

2.52 -1 -0.592791
2.52 -0.78 -0.569326
2.52 -0.56 -0.546739
2.52 -0.34 -0.525131
2.52 -0.12 -0.504578
2.52 0.1 -0.485117
2.52 0.32 -0.466744
2.52 0.54 -0.449404
2.52 0.76 -0.433005
2.52 0.98 -0.41742
2.52 1.2 -0.402504
2.52 1.42 -0.388108
2.52 1.64 -0.374085
2.52 1.86 -0.360304
2.52 2.08 -0.346648
2.52 2.3 -0.333018
2.52 2.52 -0.319329
2.52 2.74 -0.305515
2.52 2.96 -0.291516
2.52 3.18 -0.277285
2.52 3.4 -0.262778
2.52 3.62 -0.247955
2.52 3.84 -0.232777
2.52 4.06 -0.217204
2.52 4.28 -0.201191
2.52 4.5 -0.184685
2.52 4.72 -0.167621
2.52 4.94 -0.149917
2.52 5.16 -0.131459
2.52 5.38 -0.11209
2.52 5.6 -0.0915701
2.52 5.82 -0.069499
2.52 6.04 -0.0450944
2.52 6.26 -0.0160882
2.52 6.48 0.0216733
2.52 6.7 0.0484166
2.52 6.92 0.0703561
2.52 7.14 0.0892474
2.52 7.36 0.105708
2.52 7.58 0.119976
2.52 7.8 0.132061
2.52 8.02 0.141764
2.52 8.24 0.148607
2.52 8.46 0.151652
2.52 8.68 0.149218
2.52 8.9 0.138934
2.52 9.12 0.120013
2.52 9.34 0.0959891
2.52 9.56 0.0708233
2.52 9.78 0.0459269
2.52 10 0.0214433

2.64 -1 -0.606662
2.64 -0.78 -0.58397
2.64 -0.56 -0.562151
2.64 -0.34 -0.541295
2.64 -0.12 -0.521465
2.64 0.1 -0.502693
2.64 0.32 -0.484972
2.64 0.54 -0.468253
2.64 0.76 -0.452454
2.64 0.98 -0.437462
2.64 1.2 -0.42315
2.64 1.42 -0.409381
2.64 1.64 -0.396022
2.64 1.86 -0.382951
2.64 2.08 -0.370058
2.64 2.3 -0.357248
2.64 2.52 -0.344443
2.64 2.74 -0.331577
2.64 2.96 -0.318594
2.64 3.18 -0.305449
2.64 3.4 -0.292105
2.64 3.62 -0.278529
2.64 3.84 -0.264689
2.64 4.06 -0.250559
2.64 4.28 -0.23611
2.64 4.5 -0.221311
2.64 4.72 -0.20613
2.64 4.94 -0.190527
2.64 5.16 -0.174453
2.64 5.38 -0.157849
2.64 5.6 -0.140635
2.64 5.82 -0.122699
2.64 6.04 -0.103882
2.64 6.26 -0.0839368
2.64 6.48 -0.0624378
2.64 6.7 -0.0385054
2.64 6.92 -0.00903497
2.64 7.14 0.0260497
2.64 7.36 0.0504022
2.64 7.58 0.0704323
2.64 7.8 0.0873776
2.64 8.02 0.101558
2.64 8.24 0.112813
2.64 8.46 0.120419
2.64 8.68 0.122607
2.64 8.9 0.115816
2.64 9.12 0.0975069
2.64 9.34 0.0733794
2.64 9.56 0.0490357
2.64 9.78 0.0254013
2.64 10 0.00223207

2.76 -1 -0.620435
2.76 -0.78 -0.598457
2.76 -0.56 -0.577345
2.76 -0.34 -0.557175
2.76 -0.12 -0.538003
2.76 0.1 -0.519854
2.76 0.32 -0.50272
2.76 0.54 -0.486558
2.76 0.76 -0.471292
2.76 0.98 -0.456824
2.76 1.2 -0.443038
2.76 1.42 -0.429811
2.76 1.64 -0.417021
2.76 1.86 -0.404553
2.76 2.08 -0.392306
2.76 2.3 -0.380189
2.76 2.52 -0.368125
2.76 2.74 -0.35605
2.76 2.96 -0.343912
2.76 3.18 -0.331666
2.76 3.4 -0.319277
2.76 3.62 -0.306714
2.76 3.84 -0.293951
2.76 4.06 -0.280967
2.76 4.28 -0.26774
2.76 4.5 -0.254249
2.76 4.72 -0.240475
2.76 4.94 -0.226397
2.76 5.16 -0.211989
2.76 5.38 -0.197224
2.76 5.6 -0.182068
2.76 5.82 -0.166478
2.76 6.04 -0.1504
2.76 6.26 -0.133759
2.76 6.48 -0.116454
2.76 6.7 -0.0983332
2.76 6.92 -0.0791586
2.76 7.14 -0.0585115
2.76 7.36 -0.0355003
2.76 7.58 -0.00652825
2.76 7.8 0.0263355
2.76 8.02 0.0489032
2.76 8.24 0.0668549
2.76 8.46 0.0807827
2.76 8.68 0.0895665
2.76 8.9 0.0887339
2.76 9.12 0.0714217
2.76 9.34 0.047668
2.76 9.56 0.0250738
2.76 9.78 0.00332598
2.76 10 -0.0181512

2.88 -1 -0.634104
2.88 -0.78 -0.612788
2.88 -0.56 -0.592324
2.88 -0.34 -0.572783
2.88 -0.12 -0.55421
2.88 0.1 -0.536627
2.88 0.32 -0.520024
2.88 0.54 -0.504362
2.88 0.76 -0.489573
2.88 0.98 -0.475569
2.88 1.2 -0.462244
2.88 1.42 -0.449487
2.88 1.64 -0.437187
2.88 1.86 -0.425236
2.88 2.08 -0.413539
2.88 2.3 -0.402008
2.88 2.52 -0.39057
2.88 2.74 -0.379162
2.88 2.96 -0.367733
2.88 3.18 -0.356238
2.88 3.4 -0.344642
2.88 3.62 -0.332917
2.88 3.84 -0.321038
2.88 4.06 -0.308985
2.88 4.28 -0.29674
2.88 4.5 -0.284287
2.88 4.72 -0.271612
2.88 4.94 -0.258701
2.88 5.16 -0.24554
2.88 5.38 -0.232113
2.88 5.6 -0.218404
2.88 5.82 -0.204394
2.88 6.04 -0.19006
2.88 6.26 -0.175374
2.88 6.48 -0.1603
2.88 6.7 -0.144793
2.88 6.92 -0.12879
2.88 7.14 -0.112204
2.88 7.36 -0.0949051
2.88 7.58 -0.0766868
2.88 7.8 -0.0571821
2.88 8.02 -0.0356009
2.88 8.24 -0.0089663
2.88 8.46 0.0231205
2.88 8.68 0.0434422
2.88 8.9 0.0542027
2.88 9.12 0.0395748
2.88 9.34 0.0183248
2.88 9.56 -0.00102398
2.88 9.78 -0.0201775
2.88 10 -0.0395931

3 -1 -0.647664
3 -0.78 -0.62696
3 -0.56 -0.607095
3 -0.34 -0.58813
3 -0.12 -0.570105
3 0.1 -0.553036
3 0.32 -0.536914
3 0.54 -0.521703
3 0.76 -0.507342
3 0.98 -0.493749
3 1.2 -0.480831
3 1.42 -0.468485
3 1.64 -0.456608
3 1.86 -0.445102
3 2.08 -0.433874
3 2.3 -0.422843
3 2.52 -0.411936
3 2.74 -0.401093
3 2.96 -0.390262
3 3.18 -0.379399
3 3.4 -0.36847
3 3.62 -0.357445
3 3.84 -0.3463
3 4.06 -0.335015
3 4.28 -0.323574
3 4.5 -0.311963
3 4.72 -0.300169
3 4.94 -0.288182
3 5.16 -0.275991
3 5.38 -0.263586
3 5.6 -0.250958
3 5.82 -0.238097
3 6.04 -0.22499
3 6.26 -0.211626
3 6.48 -0.197988
3 6.7 -0.184061
3 6.92 -0.16982
3 7.14 -0.155239
3 7.36 -0.140281
3 7.58 -0.124898
3 7.8 -0.109021
3 8.02 -0.0925539
3 8.24 -0.0753449
3 8.46 -0.0571368
3 8.68 -0.0374077
3 8.9 -0.0146141
3 9.12 -0.00244338
3 9.34 -0.0144348
3 9.56 -0.0289014
3 9.78 -0.0448582
3 10 -0.0619204

