2
63
-0.284716 -2.223357 -0.865889 -0.500237 0.010000
-0.359329 -2.092096 -0.873949 -0.486018 0.010000
-0.431746 -1.959609 -0.880315 -0.474390 0.010000
-0.502920 -1.826451 -0.882986 -0.469400 0.010000
-0.573791 -1.693130 -0.882479 -0.470351 0.010000
-0.645272 -1.560135 -0.878512 -0.477720 0.010000
-0.718422 -1.428053 -0.870341 -0.492449 0.010000
-0.794316 -1.297531 -0.857921 -0.513781 0.010000
-0.873831 -1.169184 -0.841460 -0.540319 0.010000
-0.957705 -1.043646 -0.820786 -0.571236 0.010000
-1.046476 -0.921524 -0.796166 -0.605078 0.010000
-1.140550 -0.803442 -0.767135 -0.641486 0.010000
-1.240330 -0.690144 -0.732615 -0.680643 0.010000
-1.346273 -0.582596 -0.689686 -0.724109 0.010000
-1.459484 -0.482750 -0.629700 -0.776839 0.010000
-1.581140 -0.393419 -0.550521 -0.834821 0.010000
-1.711540 -0.317457 -0.452101 -0.891967 0.010000
-1.850221 -0.258003 -0.332586 -0.943073 0.010000
-1.995595 -0.217623 -0.200498 -0.979694 0.010000
-2.145160 -0.197788 -0.064246 -0.997934 0.010000
-2.296072 -0.196886 0.048017 -0.998847 0.010000
-2.446342 -0.211106 0.135261 -0.990810 0.010000
-2.595338 -0.235472 0.179234 -0.983807 0.010000
-2.743914 -0.262330 0.154184 -0.988042 0.010000
-2.894308 -0.268706 -0.126144 -0.992012 0.010000
-3.031243 -0.210051 -0.648156 -0.761508 0.010000
-3.111239 -0.084374 -0.962850 -0.270038 0.010000
-3.125182 0.065096 -0.998450 0.055650 0.010000
-3.102152 0.214125 -0.973422 0.229021 0.010000
-3.057959 0.358410 -0.936542 0.350554 0.010000
-2.997427 0.496660 -0.891997 0.452042 0.010000
-2.920829 0.626666 -0.825481 0.564430 0.010000
-2.826936 0.744762 -0.735488 0.677538 0.010000
-2.716758 0.847820 -0.625994 0.779828 0.010000
-2.591945 0.932524 -0.490856 0.871241 0.010000
-2.454480 0.994546 -0.326629 0.945153 0.010000
-2.308011 1.030419 -0.145870 0.989304 0.010000
-2.157416 1.037941 0.046539 0.998916 0.010000
-2.008156 1.016543 0.236204 0.971704 0.010000
-1.865565 0.967450 0.408132 0.912923 0.010000
-1.733274 0.894960 0.547022 0.837118 0.010000
-1.613010 0.803834 0.654563 0.756007 0.010000
-1.504670 0.698763 0.732858 0.680381 0.010000
-1.407044 0.583637 0.788744 0.614722 0.010000
-1.318408 0.461434 0.827909 0.560862 0.010000
-1.237316 0.334091 0.857490 0.514501 0.010000
-1.162637 0.202878 0.879357 0.476164 0.010000
-1.093065 0.068881 0.894570 0.446927 0.010000
-1.027327 -0.067041 0.905381 0.424600 0.010000
-0.904266 -0.342786 0.919488 0.393118 0.010000
-0.845719 -0.481960 0.923777 0.382932 0.010000
-0.788502 -0.621685 0.926872 0.375376 0.010000
-0.732265 -0.761808 0.929214 0.369543 0.010000
-0.676948 -0.902297 0.931767 0.363058 0.010000
-0.622642 -1.043180 0.934337 0.356392 0.010000
-0.569292 -1.184427 0.936596 0.350411 0.010000
-0.516770 -1.325985 0.938406 0.345533 0.010000
-0.464882 -1.467776 0.939730 0.341917 0.010000
-0.413534 -1.609763 0.941091 0.338152 0.010000
-0.362835 -1.751984 0.943048 0.332656 0.010000
-0.313442 -1.894663 0.947285 0.320391 0.010000
-0.266448 -2.038148 0.953631 0.300980 0.010000
-0.222844 -2.182698 0.960305 0.278953 0.010000
