3
630
-0.284716 -2.223357 0.000000 -0.865889 -0.500237 0.000000 0.010000
-0.284716 -2.223357 0.016129 -0.865889 -0.500237 0.000000 0.010000
-0.284716 -2.223357 0.032258 -0.865889 -0.500237 0.000000 0.010000
-0.284716 -2.223357 0.048387 -0.865889 -0.500237 0.000000 0.010000
-0.284716 -2.223357 0.064516 -0.865889 -0.500237 0.000000 0.010000
-0.284716 -2.223357 0.080645 -0.865889 -0.500237 0.000000 0.010000
-0.284716 -2.223357 0.096774 -0.865889 -0.500237 0.000000 0.010000
-0.284716 -2.223357 0.112903 -0.865889 -0.500237 0.000000 0.010000
-0.284716 -2.223357 0.129032 -0.865889 -0.500237 0.000000 0.010000
-0.284716 -2.223357 0.145161 -0.865889 -0.500237 0.000000 0.010000
-0.359329 -2.092096 0.000000 -0.873949 -0.486018 0.000000 0.010000
-0.359329 -2.092096 0.016129 -0.873949 -0.486018 0.000000 0.010000
-0.359329 -2.092096 0.032258 -0.873949 -0.486018 0.000000 0.010000
-0.359329 -2.092096 0.048387 -0.873949 -0.486018 0.000000 0.010000
-0.359329 -2.092096 0.064516 -0.873949 -0.486018 0.000000 0.010000
-0.359329 -2.092096 0.080645 -0.873949 -0.486018 0.000000 0.010000
-0.359329 -2.092096 0.096774 -0.873949 -0.486018 0.000000 0.010000
-0.359329 -2.092096 0.112903 -0.873949 -0.486018 0.000000 0.010000
-0.359329 -2.092096 0.129032 -0.873949 -0.486018 0.000000 0.010000
-0.359329 -2.092096 0.145161 -0.873949 -0.486018 0.000000 0.010000
-0.431746 -1.959609 0.000000 -0.880315 -0.474390 0.000000 0.010000
-0.431746 -1.959609 0.016129 -0.880315 -0.474390 0.000000 0.010000
-0.431746 -1.959609 0.032258 -0.880315 -0.474390 0.000000 0.010000
-0.431746 -1.959609 0.048387 -0.880315 -0.474390 0.000000 0.010000
-0.431746 -1.959609 0.064516 -0.880315 -0.474390 0.000000 0.010000
-0.431746 -1.959609 0.080645 -0.880315 -0.474390 0.000000 0.010000
-0.431746 -1.959609 0.096774 -0.880315 -0.474390 0.000000 0.010000
-0.431746 -1.959609 0.112903 -0.880315 -0.474390 0.000000 0.010000
-0.431746 -1.959609 0.129032 -0.880315 -0.474390 0.000000 0.010000
-0.431746 -1.959609 0.145161 -0.880315 -0.474390 0.000000 0.010000
-0.502920 -1.826451 0.000000 -0.882986 -0.469400 0.000000 0.010000
-0.502920 -1.826451 0.016129 -0.882986 -0.469400 0.000000 0.010000
-0.502920 -1.826451 0.032258 -0.882986 -0.469400 0.000000 0.010000
-0.502920 -1.826451 0.048387 -0.882986 -0.469400 0.000000 0.010000
-0.502920 -1.826451 0.064516 -0.882986 -0.469400 0.000000 0.010000
-0.502920 -1.826451 0.080645 -0.882986 -0.469400 0.000000 0.010000
-0.502920 -1.826451 0.096774 -0.882986 -0.469400 0.000000 0.010000
-0.502920 -1.826451 0.112903 -0.882986 -0.469400 0.000000 0.010000
-0.502920 -1.826451 0.129032 -0.882986 -0.469400 0.000000 0.010000
-0.502920 -1.826451 0.145161 -0.882986 -0.469400 0.000000 0.010000
-0.573791 -1.693130 0.000000 -0.882479 -0.470351 0.000000 0.010000
-0.573791 -1.693130 0.016129 -0.882479 -0.470351 0.000000 0.010000
-0.573791 -1.693130 0.032258 -0.882479 -0.470351 0.000000 0.010000
-0.573791 -1.693130 0.048387 -0.882479 -0.470351 0.000000 0.010000
-0.573791 -1.693130 0.064516 -0.882479 -0.470351 0.000000 0.010000
-0.573791 -1.693130 0.080645 -0.882479 -0.470351 0.000000 0.010000
-0.573791 -1.693130 0.096774 -0.882479 -0.470351 0.000000 0.010000
-0.573791 -1.693130 0.112903 -0.882479 -0.470351 0.000000 0.010000
-0.573791 -1.693130 0.129032 -0.882479 -0.470351 0.000000 0.010000
-0.573791 -1.693130 0.145161 -0.882479 -0.470351 0.000000 0.010000
-0.645272 -1.560135 0.000000 -0.878512 -0.477720 0.000000 0.010000
-0.645272 -1.560135 0.016129 -0.878512 -0.477720 0.000000 0.010000
-0.645272 -1.560135 0.032258 -0.878512 -0.477720 0.000000 0.010000
-0.645272 -1.560135 0.048387 -0.878512 -0.477720 0.000000 0.010000
-0.645272 -1.560135 0.064516 -0.878512 -0.477720 0.000000 0.010000
-0.645272 -1.560135 0.080645 -0.878512 -0.477720 0.000000 0.010000
-0.645272 -1.560135 0.096774 -0.878512 -0.477720 0.000000 0.010000
-0.645272 -1.560135 0.112903 -0.878512 -0.477720 0.000000 0.010000
-0.645272 -1.560135 0.129032 -0.878512 -0.477720 0.000000 0.010000
-0.645272 -1.560135 0.145161 -0.878512 -0.477720 0.000000 0.010000
-0.718422 -1.428053 0.000000 -0.870341 -0.492449 0.000000 0.010000
-0.718422 -1.428053 0.016129 -0.870341 -0.492449 0.000000 0.010000
-0.718422 -1.428053 0.032258 -0.870341 -0.492449 0.000000 0.010000
-0.718422 -1.428053 0.048387 -0.870341 -0.492449 0.000000 0.010000
-0.718422 -1.428053 0.064516 -0.870341 -0.492449 0.000000 0.010000
-0.718422 -1.428053 0.080645 -0.870341 -0.492449 0.000000 0.010000
-0.718422 -1.428053 0.096774 -0.870341 -0.492449 0.000000 0.010000
-0.718422 -1.428053 0.112903 -0.870341 -0.492449 0.000000 0.010000
-0.718422 -1.428053 0.129032 -0.870341 -0.492449 0.000000 0.010000
-0.718422 -1.428053 0.145161 -0.870341 -0.492449 0.000000 0.010000
-0.794316 -1.297531 0.000000 -0.857921 -0.513781 0.000000 0.010000
-0.794316 -1.297531 0.016129 -0.857921 -0.513781 0.000000 0.010000
-0.794316 -1.297531 0.032258 -0.857921 -0.513781 0.000000 0.010000
-0.794316 -1.297531 0.048387 -0.857921 -0.513781 0.000000 0.010000
-0.794316 -1.297531 0.064516 -0.857921 -0.513781 0.000000 0.010000
-0.794316 -1.297531 0.080645 -0.857921 -0.513781 0.000000 0.010000
-0.794316 -1.297531 0.096774 -0.857921 -0.513781 0.000000 0.010000
-0.794316 -1.297531 0.112903 -0.857921 -0.513781 0.000000 0.010000
-0.794316 -1.297531 0.129032 -0.857921 -0.513781 0.000000 0.010000
-0.794316 -1.297531 0.145161 -0.857921 -0.513781 0.000000 0.010000
-0.873831 -1.169184 0.000000 -0.841460 -0.540319 0.000000 0.010000
-0.873831 -1.169184 0.016129 -0.841460 -0.540319 0.000000 0.010000
-0.873831 -1.169184 0.032258 -0.841460 -0.540319 0.000000 0.010000
-0.873831 -1.169184 0.048387 -0.841460 -0.540319 0.000000 0.010000
-0.873831 -1.169184 0.064516 -0.841460 -0.540319 0.000000 0.010000
-0.873831 -1.169184 0.080645 -0.841460 -0.540319 0.000000 0.010000
-0.873831 -1.169184 0.096774 -0.841460 -0.540319 0.000000 0.010000
-0.873831 -1.169184 0.112903 -0.841460 -0.540319 0.000000 0.010000
-0.873831 -1.169184 0.129032 -0.841460 -0.540319 0.000000 0.010000
-0.873831 -1.169184 0.145161 -0.841460 -0.540319 0.000000 0.010000
-0.957705 -1.043646 0.000000 -0.820786 -0.571236 0.000000 0.010000
-0.957705 -1.043646 0.016129 -0.820786 -0.571236 0.000000 0.010000
-0.957705 -1.043646 0.032258 -0.820786 -0.571236 0.000000 0.010000
-0.957705 -1.043646 0.048387 -0.820786 -0.571236 0.000000 0.010000
-0.957705 -1.043646 0.064516 -0.820786 -0.571236 0.000000 0.010000
-0.957705 -1.043646 0.080645 -0.820786 -0.571236 0.000000 0.010000
-0.957705 -1.043646 0.096774 -0.820786 -0.571236 0.000000 0.010000
-0.957705 -1.043646 0.112903 -0.820786 -0.571236 0.000000 0.010000
-0.957705 -1.043646 0.129032 -0.820786 -0.571236 0.000000 0.010000
-0.957705 -1.043646 0.145161 -0.820786 -0.571236 0.000000 0.010000
-1.046476 -0.921524 0.000000 -0.796166 -0.605078 0.000000 0.010000
-1.046476 -0.921524 0.016129 -0.796166 -0.605078 0.000000 0.010000
-1.046476 -0.921524 0.032258 -0.796166 -0.605078 0.000000 0.010000
-1.046476 -0.921524 0.048387 -0.796166 -0.605078 0.000000 0.010000
-1.046476 -0.921524 0.064516 -0.796166 -0.605078 0.000000 0.010000
-1.046476 -0.921524 0.080645 -0.796166 -0.605078 0.000000 0.010000
-1.046476 -0.921524 0.096774 -0.796166 -0.605078 0.000000 0.010000
-1.046476 -0.921524 0.112903 -0.796166 -0.605078 0.000000 0.010000
-1.046476 -0.921524 0.129032 -0.796166 -0.605078 0.000000 0.010000
-1.046476 -0.921524 0.145161 -0.796166 -0.605078 0.000000 0.010000
-1.140550 -0.803442 0.000000 -0.767135 -0.641486 0.000000 0.010000
-1.140550 -0.803442 0.016129 -0.767135 -0.641486 0.000000 0.010000
-1.140550 -0.803442 0.032258 -0.767135 -0.641486 0.000000 0.010000
-1.140550 -0.803442 0.048387 -0.767135 -0.641486 0.000000 0.010000
-1.140550 -0.803442 0.064516 -0.767135 -0.641486 0.000000 0.010000
-1.140550 -0.803442 0.080645 -0.767135 -0.641486 0.000000 0.010000
-1.140550 -0.803442 0.096774 -0.767135 -0.641486 0.000000 0.010000
-1.140550 -0.803442 0.112903 -0.767135 -0.641486 0.000000 0.010000
-1.140550 -0.803442 0.129032 -0.767135 -0.641486 0.000000 0.010000
-1.140550 -0.803442 0.145161 -0.767135 -0.641486 0.000000 0.010000
-1.240330 -0.690144 0.000000 -0.732615 -0.680643 0.000000 0.010000
-1.240330 -0.690144 0.016129 -0.732615 -0.680643 0.000000 0.010000
-1.240330 -0.690144 0.032258 -0.732615 -0.680643 0.000000 0.010000
-1.240330 -0.690144 0.048387 -0.732615 -0.680643 0.000000 0.010000
-1.240330 -0.690144 0.064516 -0.732615 -0.680643 0.000000 0.010000
-1.240330 -0.690144 0.080645 -0.732615 -0.680643 0.000000 0.010000
-1.240330 -0.690144 0.096774 -0.732615 -0.680643 0.000000 0.010000
-1.240330 -0.690144 0.112903 -0.732615 -0.680643 0.000000 0.010000
-1.240330 -0.690144 0.129032 -0.732615 -0.680643 0.000000 0.010000
-1.240330 -0.690144 0.145161 -0.732615 -0.680643 0.000000 0.010000
-1.346273 -0.582596 0.000000 -0.689686 -0.724109 0.000000 0.010000
-1.346273 -0.582596 0.016129 -0.689686 -0.724109 0.000000 0.010000
-1.346273 -0.582596 0.032258 -0.689686 -0.724109 0.000000 0.010000
-1.346273 -0.582596 0.048387 -0.689686 -0.724109 0.000000 0.010000
-1.346273 -0.582596 0.064516 -0.689686 -0.724109 0.000000 0.010000
-1.346273 -0.582596 0.080645 -0.689686 -0.724109 0.000000 0.010000
-1.346273 -0.582596 0.096774 -0.689686 -0.724109 0.000000 0.010000
-1.346273 -0.582596 0.112903 -0.689686 -0.724109 0.000000 0.010000
-1.346273 -0.582596 0.129032 -0.689686 -0.724109 0.000000 0.010000
-1.346273 -0.582596 0.145161 -0.689686 -0.724109 0.000000 0.010000
-1.459484 -0.482750 0.000000 -0.629700 -0.776839 0.000000 0.010000
-1.459484 -0.482750 0.016129 -0.629700 -0.776839 0.000000 0.010000
-1.459484 -0.482750 0.032258 -0.629700 -0.776839 0.000000 0.010000
-1.459484 -0.482750 0.048387 -0.629700 -0.776839 0.000000 0.010000
-1.459484 -0.482750 0.064516 -0.629700 -0.776839 0.000000 0.010000
-1.459484 -0.482750 0.080645 -0.629700 -0.776839 0.000000 0.010000
-1.459484 -0.482750 0.096774 -0.629700 -0.776839 0.000000 0.010000
-1.459484 -0.482750 0.112903 -0.629700 -0.776839 0.000000 0.010000
-1.459484 -0.482750 0.129032 -0.629700 -0.776839 0.000000 0.010000
-1.459484 -0.482750 0.145161 -0.629700 -0.776839 0.000000 0.010000
-1.581140 -0.393419 0.000000 -0.550521 -0.834821 0.000000 0.010000
-1.581140 -0.393419 0.016129 -0.550521 -0.834821 0.000000 0.010000
-1.581140 -0.393419 0.032258 -0.550521 -0.834821 0.000000 0.010000
-1.581140 -0.393419 0.048387 -0.550521 -0.834821 0.000000 0.010000
-1.581140 -0.393419 0.064516 -0.550521 -0.834821 0.000000 0.010000
-1.581140 -0.393419 0.080645 -0.550521 -0.834821 0.000000 0.010000
-1.581140 -0.393419 0.096774 -0.550521 -0.834821 0.000000 0.010000
-1.581140 -0.393419 0.112903 -0.550521 -0.834821 0.000000 0.010000
-1.581140 -0.393419 0.129032 -0.550521 -0.834821 0.000000 0.010000
-1.581140 -0.393419 0.145161 -0.550521 -0.834821 0.000000 0.010000
-1.711540 -0.317457 0.000000 -0.452101 -0.891967 0.000000 0.010000
-1.711540 -0.317457 0.016129 -0.452101 -0.891967 0.000000 0.010000
-1.711540 -0.317457 0.032258 -0.452101 -0.891967 0.000000 0.010000
-1.711540 -0.317457 0.048387 -0.452101 -0.891967 0.000000 0.010000
-1.711540 -0.317457 0.064516 -0.452101 -0.891967 0.000000 0.010000
-1.711540 -0.317457 0.080645 -0.452101 -0.891967 0.000000 0.010000
-1.711540 -0.317457 0.096774 -0.452101 -0.891967 0.000000 0.010000
-1.711540 -0.317457 0.112903 -0.452101 -0.891967 0.000000 0.010000
-1.711540 -0.317457 0.129032 -0.452101 -0.891967 0.000000 0.010000
-1.711540 -0.317457 0.145161 -0.452101 -0.891967 0.000000 0.010000
-1.850221 -0.258003 0.000000 -0.332586 -0.943073 0.000000 0.010000
-1.850221 -0.258003 0.016129 -0.332586 -0.943073 0.000000 0.010000
-1.850221 -0.258003 0.032258 -0.332586 -0.943073 0.000000 0.010000
-1.850221 -0.258003 0.048387 -0.332586 -0.943073 0.000000 0.010000
-1.850221 -0.258003 0.064516 -0.332586 -0.943073 0.000000 0.010000
-1.850221 -0.258003 0.080645 -0.332586 -0.943073 0.000000 0.010000
-1.850221 -0.258003 0.096774 -0.332586 -0.943073 0.000000 0.010000
-1.850221 -0.258003 0.112903 -0.332586 -0.943073 0.000000 0.010000
-1.850221 -0.258003 0.129032 -0.332586 -0.943073 0.000000 0.010000
-1.850221 -0.258003 0.145161 -0.332586 -0.943073 0.000000 0.010000
-1.995595 -0.217623 0.000000 -0.200498 -0.979694 0.000000 0.010000
-1.995595 -0.217623 0.016129 -0.200498 -0.979694 0.000000 0.010000
-1.995595 -0.217623 0.032258 -0.200498 -0.979694 0.000000 0.010000
-1.995595 -0.217623 0.048387 -0.200498 -0.979694 0.000000 0.010000
-1.995595 -0.217623 0.064516 -0.200498 -0.979694 0.000000 0.010000
-1.995595 -0.217623 0.080645 -0.200498 -0.979694 0.000000 0.010000
-1.995595 -0.217623 0.096774 -0.200498 -0.979694 0.000000 0.010000
-1.995595 -0.217623 0.112903 -0.200498 -0.979694 0.000000 0.010000
-1.995595 -0.217623 0.129032 -0.200498 -0.979694 0.000000 0.010000
-1.995595 -0.217623 0.145161 -0.200498 -0.979694 0.000000 0.010000
-2.145160 -0.197788 0.000000 -0.064246 -0.997934 0.000000 0.010000
-2.145160 -0.197788 0.016129 -0.064246 -0.997934 0.000000 0.010000
-2.145160 -0.197788 0.032258 -0.064246 -0.997934 0.000000 0.010000
-2.145160 -0.197788 0.048387 -0.064246 -0.997934 0.000000 0.010000
-2.145160 -0.197788 0.064516 -0.064246 -0.997934 0.000000 0.010000
-2.145160 -0.197788 0.080645 -0.064246 -0.997934 0.000000 0.010000
-2.145160 -0.197788 0.096774 -0.064246 -0.997934 0.000000 0.010000
-2.145160 -0.197788 0.112903 -0.064246 -0.997934 0.000000 0.010000
-2.145160 -0.197788 0.129032 -0.064246 -0.997934 0.000000 0.010000
-2.145160 -0.197788 0.145161 -0.064246 -0.997934 0.000000 0.010000
-2.296072 -0.196886 0.000000 0.048017 -0.998847 0.000000 0.010000
-2.296072 -0.196886 0.016129 0.048017 -0.998847 0.000000 0.010000
-2.296072 -0.196886 0.032258 0.048017 -0.998847 0.000000 0.010000
-2.296072 -0.196886 0.048387 0.048017 -0.998847 0.000000 0.010000
-2.296072 -0.196886 0.064516 0.048017 -0.998847 0.000000 0.010000
-2.296072 -0.196886 0.080645 0.048017 -0.998847 0.000000 0.010000
-2.296072 -0.196886 0.096774 0.048017 -0.998847 0.000000 0.010000
-2.296072 -0.196886 0.112903 0.048017 -0.998847 0.000000 0.010000
-2.296072 -0.196886 0.129032 0.048017 -0.998847 0.000000 0.010000
-2.296072 -0.196886 0.145161 0.048017 -0.998847 0.000000 0.010000
-2.446342 -0.211106 0.000000 0.135261 -0.990810 0.000000 0.010000
-2.446342 -0.211106 0.016129 0.135261 -0.990810 0.000000 0.010000
-2.446342 -0.211106 0.032258 0.135261 -0.990810 0.000000 0.010000
-2.446342 -0.211106 0.048387 0.135261 -0.990810 0.000000 0.010000
-2.446342 -0.211106 0.064516 0.135261 -0.990810 0.000000 0.010000
-2.446342 -0.211106 0.080645 0.135261 -0.990810 0.000000 0.010000
-2.446342 -0.211106 0.096774 0.135261 -0.990810 0.000000 0.010000
-2.446342 -0.211106 0.112903 0.135261 -0.990810 0.000000 0.010000
-2.446342 -0.211106 0.129032 0.135261 -0.990810 0.000000 0.010000
-2.446342 -0.211106 0.145161 0.135261 -0.990810 0.000000 0.010000
-2.595338 -0.235472 0.000000 0.179234 -0.983807 0.000000 0.010000
-2.595338 -0.235472 0.016129 0.179234 -0.983807 0.000000 0.010000
-2.595338 -0.235472 0.032258 0.179234 -0.983807 0.000000 0.010000
-2.595338 -0.235472 0.048387 0.179234 -0.983807 0.000000 0.010000
-2.595338 -0.235472 0.064516 0.179234 -0.983807 0.000000 0.010000
-2.595338 -0.235472 0.080645 0.179234 -0.983807 0.000000 0.010000
-2.595338 -0.235472 0.096774 0.179234 -0.983807 0.000000 0.010000
-2.595338 -0.235472 0.112903 0.179234 -0.983807 0.000000 0.010000
-2.595338 -0.235472 0.129032 0.179234 -0.983807 0.000000 0.010000
-2.595338 -0.235472 0.145161 0.179234 -0.983807 0.000000 0.010000
-2.743914 -0.262330 0.000000 0.154184 -0.988042 0.000000 0.010000
-2.743914 -0.262330 0.016129 0.154184 -0.988042 0.000000 0.010000
-2.743914 -0.262330 0.032258 0.154184 -0.988042 0.000000 0.010000
-2.743914 -0.262330 0.048387 0.154184 -0.988042 0.000000 0.010000
-2.743914 -0.262330 0.064516 0.154184 -0.988042 0.000000 0.010000
-2.743914 -0.262330 0.080645 0.154184 -0.988042 0.000000 0.010000
-2.743914 -0.262330 0.096774 0.154184 -0.988042 0.000000 0.010000
-2.743914 -0.262330 0.112903 0.154184 -0.988042 0.000000 0.010000
-2.743914 -0.262330 0.129032 0.154184 -0.988042 0.000000 0.010000
-2.743914 -0.262330 0.145161 0.154184 -0.988042 0.000000 0.010000
-2.894308 -0.268706 0.000000 -0.126144 -0.992012 0.000000 0.010000
-2.894308 -0.268706 0.016129 -0.126144 -0.992012 0.000000 0.010000
-2.894308 -0.268706 0.032258 -0.126144 -0.992012 0.000000 0.010000
-2.894308 -0.268706 0.048387 -0.126144 -0.992012 0.000000 0.010000
-2.894308 -0.268706 0.064516 -0.126144 -0.992012 0.000000 0.010000
-2.894308 -0.268706 0.080645 -0.126144 -0.992012 0.000000 0.010000
-2.894308 -0.268706 0.096774 -0.126144 -0.992012 0.000000 0.010000
-2.894308 -0.268706 0.112903 -0.126144 -0.992012 0.000000 0.010000
-2.894308 -0.268706 0.129032 -0.126144 -0.992012 0.000000 0.010000
-2.894308 -0.268706 0.145161 -0.126144 -0.992012 0.000000 0.010000
-3.031243 -0.210051 0.000000 -0.648156 -0.761508 0.000000 0.010000
-3.031243 -0.210051 0.016129 -0.648156 -0.761508 0.000000 0.010000
-3.031243 -0.210051 0.032258 -0.648156 -0.761508 0.000000 0.010000
-3.031243 -0.210051 0.048387 -0.648156 -0.761508 0.000000 0.010000
-3.031243 -0.210051 0.064516 -0.648156 -0.761508 0.000000 0.010000
-3.031243 -0.210051 0.080645 -0.648156 -0.761508 0.000000 0.010000
-3.031243 -0.210051 0.096774 -0.648156 -0.761508 0.000000 0.010000
-3.031243 -0.210051 0.112903 -0.648156 -0.761508 0.000000 0.010000
-3.031243 -0.210051 0.129032 -0.648156 -0.761508 0.000000 0.010000
-3.031243 -0.210051 0.145161 -0.648156 -0.761508 0.000000 0.010000
-3.111239 -0.084374 0.000000 -0.962850 -0.270038 0.000000 0.010000
-3.111239 -0.084374 0.016129 -0.962850 -0.270038 0.000000 0.010000
-3.111239 -0.084374 0.032258 -0.962850 -0.270038 0.000000 0.010000
-3.111239 -0.084374 0.048387 -0.962850 -0.270038 0.000000 0.010000
-3.111239 -0.084374 0.064516 -0.962850 -0.270038 0.000000 0.010000
-3.111239 -0.084374 0.080645 -0.962850 -0.270038 0.000000 0.010000
-3.111239 -0.084374 0.096774 -0.962850 -0.270038 0.000000 0.010000
-3.111239 -0.084374 0.112903 -0.962850 -0.270038 0.000000 0.010000
-3.111239 -0.084374 0.129032 -0.962850 -0.270038 0.000000 0.010000
-3.111239 -0.084374 0.145161 -0.962850 -0.270038 0.000000 0.010000
-3.125182 0.065096 0.000000 -0.998450 0.055650 0.000000 0.010000
-3.125182 0.065096 0.016129 -0.998450 0.055650 0.000000 0.010000
-3.125182 0.065096 0.032258 -0.998450 0.055650 0.000000 0.010000
-3.125182 0.065096 0.048387 -0.998450 0.055650 0.000000 0.010000
-3.125182 0.065096 0.064516 -0.998450 0.055650 0.000000 0.010000
-3.125182 0.065096 0.080645 -0.998450 0.055650 0.000000 0.010000
-3.125182 0.065096 0.096774 -0.998450 0.055650 0.000000 0.010000
-3.125182 0.065096 0.112903 -0.998450 0.055650 0.000000 0.010000
-3.125182 0.065096 0.129032 -0.998450 0.055650 0.000000 0.010000
-3.125182 0.065096 0.145161 -0.998450 0.055650 0.000000 0.010000
-3.102152 0.214125 0.000000 -0.973422 0.229021 0.000000 0.010000
-3.102152 0.214125 0.016129 -0.973422 0.229021 0.000000 0.010000
-3.102152 0.214125 0.032258 -0.973422 0.229021 0.000000 0.010000
-3.102152 0.214125 0.048387 -0.973422 0.229021 0.000000 0.010000
-3.102152 0.214125 0.064516 -0.973422 0.229021 0.000000 0.010000
-3.102152 0.214125 0.080645 -0.973422 0.229021 0.000000 0.010000
-3.102152 0.214125 0.096774 -0.973422 0.229021 0.000000 0.010000
-3.102152 0.214125 0.112903 -0.973422 0.229021 0.000000 0.010000
-3.102152 0.214125 0.129032 -0.973422 0.229021 0.000000 0.010000
-3.102152 0.214125 0.145161 -0.973422 0.229021 0.000000 0.010000
-3.057959 0.358410 0.000000 -0.936542 0.350554 0.000000 0.010000
-3.057959 0.358410 0.016129 -0.936542 0.350554 0.000000 0.010000
-3.057959 0.358410 0.032258 -0.936542 0.350554 0.000000 0.010000
-3.057959 0.358410 0.048387 -0.936542 0.350554 0.000000 0.010000
-3.057959 0.358410 0.064516 -0.936542 0.350554 0.000000 0.010000
-3.057959 0.358410 0.080645 -0.936542 0.350554 0.000000 0.010000
-3.057959 0.358410 0.096774 -0.936542 0.350554 0.000000 0.010000
-3.057959 0.358410 0.112903 -0.936542 0.350554 0.000000 0.010000
-3.057959 0.358410 0.129032 -0.936542 0.350554 0.000000 0.010000
-3.057959 0.358410 0.145161 -0.936542 0.350554 0.000000 0.010000
-2.997427 0.496660 0.000000 -0.891997 0.452042 0.000000 0.010000
-2.997427 0.496660 0.016129 -0.891997 0.452042 0.000000 0.010000
-2.997427 0.496660 0.032258 -0.891997 0.452042 0.000000 0.010000
-2.997427 0.496660 0.048387 -0.891997 0.452042 0.000000 0.010000
-2.997427 0.496660 0.064516 -0.891997 0.452042 0.000000 0.010000
-2.997427 0.496660 0.080645 -0.891997 0.452042 0.000000 0.010000
-2.997427 0.496660 0.096774 -0.891997 0.452042 0.000000 0.010000
-2.997427 0.496660 0.112903 -0.891997 0.452042 0.000000 0.010000
-2.997427 0.496660 0.129032 -0.891997 0.452042 0.000000 0.010000
-2.997427 0.496660 0.145161 -0.891997 0.452042 0.000000 0.010000
-2.920829 0.626666 0.000000 -0.825481 0.564430 0.000000 0.010000
-2.920829 0.626666 0.016129 -0.825481 0.564430 0.000000 0.010000
-2.920829 0.626666 0.032258 -0.825481 0.564430 0.000000 0.010000
-2.920829 0.626666 0.048387 -0.825481 0.564430 0.000000 0.010000
-2.920829 0.626666 0.064516 -0.825481 0.564430 0.000000 0.010000
-2.920829 0.626666 0.080645 -0.825481 0.564430 0.000000 0.010000
-2.920829 0.626666 0.096774 -0.825481 0.564430 0.000000 0.010000
-2.920829 0.626666 0.112903 -0.825481 0.564430 0.000000 0.010000
-2.920829 0.626666 0.129032 -0.825481 0.564430 0.000000 0.010000
-2.920829 0.626666 0.145161 -0.825481 0.564430 0.000000 0.010000
-2.826936 0.744762 0.000000 -0.735488 0.677538 0.000000 0.010000
-2.826936 0.744762 0.016129 -0.735488 0.677538 0.000000 0.010000
-2.826936 0.744762 0.032258 -0.735488 0.677538 0.000000 0.010000
-2.826936 0.744762 0.048387 -0.735488 0.677538 0.000000 0.010000
-2.826936 0.744762 0.064516 -0.735488 0.677538 0.000000 0.010000
-2.826936 0.744762 0.080645 -0.735488 0.677538 0.000000 0.010000
-2.826936 0.744762 0.096774 -0.735488 0.677538 0.000000 0.010000
-2.826936 0.744762 0.112903 -0.735488 0.677538 0.000000 0.010000
-2.826936 0.744762 0.129032 -0.735488 0.677538 0.000000 0.010000
-2.826936 0.744762 0.145161 -0.735488 0.677538 0.000000 0.010000
-2.716758 0.847820 0.000000 -0.625994 0.779828 0.000000 0.010000
-2.716758 0.847820 0.016129 -0.625994 0.779828 0.000000 0.010000
-2.716758 0.847820 0.032258 -0.625994 0.779828 0.000000 0.010000
-2.716758 0.847820 0.048387 -0.625994 0.779828 0.000000 0.010000
-2.716758 0.847820 0.064516 -0.625994 0.779828 0.000000 0.010000
-2.716758 0.847820 0.080645 -0.625994 0.779828 0.000000 0.010000
-2.716758 0.847820 0.096774 -0.625994 0.779828 0.000000 0.010000
-2.716758 0.847820 0.112903 -0.625994 0.779828 0.000000 0.010000
-2.716758 0.847820 0.129032 -0.625994 0.779828 0.000000 0.010000
-2.716758 0.847820 0.145161 -0.625994 0.779828 0.000000 0.010000
-2.591945 0.932524 0.000000 -0.490856 0.871241 0.000000 0.010000
-2.591945 0.932524 0.016129 -0.490856 0.871241 0.000000 0.010000
-2.591945 0.932524 0.032258 -0.490856 0.871241 0.000000 0.010000
-2.591945 0.932524 0.048387 -0.490856 0.871241 0.000000 0.010000
-2.591945 0.932524 0.064516 -0.490856 0.871241 0.000000 0.010000
-2.591945 0.932524 0.080645 -0.490856 0.871241 0.000000 0.010000
-2.591945 0.932524 0.096774 -0.490856 0.871241 0.000000 0.010000
-2.591945 0.932524 0.112903 -0.490856 0.871241 0.000000 0.010000
-2.591945 0.932524 0.129032 -0.490856 0.871241 0.000000 0.010000
-2.591945 0.932524 0.145161 -0.490856 0.871241 0.000000 0.010000
-2.454480 0.994546 0.000000 -0.326629 0.945153 0.000000 0.010000
-2.454480 0.994546 0.016129 -0.326629 0.945153 0.000000 0.010000
-2.454480 0.994546 0.032258 -0.326629 0.945153 0.000000 0.010000
-2.454480 0.994546 0.048387 -0.326629 0.945153 0.000000 0.010000
-2.454480 0.994546 0.064516 -0.326629 0.945153 0.000000 0.010000
-2.454480 0.994546 0.080645 -0.326629 0.945153 0.000000 0.010000
-2.454480 0.994546 0.096774 -0.326629 0.945153 0.000000 0.010000
-2.454480 0.994546 0.112903 -0.326629 0.945153 0.000000 0.010000
-2.454480 0.994546 0.129032 -0.326629 0.945153 0.000000 0.010000
-2.454480 0.994546 0.145161 -0.326629 0.945153 0.000000 0.010000
-2.308011 1.030419 0.000000 -0.145870 0.989304 0.000000 0.010000
-2.308011 1.030419 0.016129 -0.145870 0.989304 0.000000 0.010000
-2.308011 1.030419 0.032258 -0.145870 0.989304 0.000000 0.010000
-2.308011 1.030419 0.048387 -0.145870 0.989304 0.000000 0.010000
-2.308011 1.030419 0.064516 -0.145870 0.989304 0.000000 0.010000
-2.308011 1.030419 0.080645 -0.145870 0.989304 0.000000 0.010000
-2.308011 1.030419 0.096774 -0.145870 0.989304 0.000000 0.010000
-2.308011 1.030419 0.112903 -0.145870 0.989304 0.000000 0.010000
-2.308011 1.030419 0.129032 -0.145870 0.989304 0.000000 0.010000
-2.308011 1.030419 0.145161 -0.145870 0.989304 0.000000 0.010000
-2.157416 1.037941 0.000000 0.046539 0.998916 0.000000 0.010000
-2.157416 1.037941 0.016129 0.046539 0.998916 0.000000 0.010000
-2.157416 1.037941 0.032258 0.046539 0.998916 0.000000 0.010000
-2.157416 1.037941 0.048387 0.046539 0.998916 0.000000 0.010000
-2.157416 1.037941 0.064516 0.046539 0.998916 0.000000 0.010000
-2.157416 1.037941 0.080645 0.046539 0.998916 0.000000 0.010000
-2.157416 1.037941 0.096774 0.046539 0.998916 0.000000 0.010000
-2.157416 1.037941 0.112903 0.046539 0.998916 0.000000 0.010000
-2.157416 1.037941 0.129032 0.046539 0.998916 0.000000 0.010000
-2.157416 1.037941 0.145161 0.046539 0.998916 0.000000 0.010000
-2.008156 1.016543 0.000000 0.236204 0.971704 0.000000 0.010000
-2.008156 1.016543 0.016129 0.236204 0.971704 0.000000 0.010000
-2.008156 1.016543 0.032258 0.236204 0.971704 0.000000 0.010000
-2.008156 1.016543 0.048387 0.236204 0.971704 0.000000 0.010000
-2.008156 1.016543 0.064516 0.236204 0.971704 0.000000 0.010000
-2.008156 1.016543 0.080645 0.236204 0.971704 0.000000 0.010000
-2.008156 1.016543 0.096774 0.236204 0.971704 0.000000 0.010000
-2.008156 1.016543 0.112903 0.236204 0.971704 0.000000 0.010000
-2.008156 1.016543 0.129032 0.236204 0.971704 0.000000 0.010000
-2.008156 1.016543 0.145161 0.236204 0.971704 0.000000 0.010000
-1.865565 0.967450 0.000000 0.408132 0.912923 0.000000 0.010000
-1.865565 0.967450 0.016129 0.408132 0.912923 0.000000 0.010000
-1.865565 0.967450 0.032258 0.408132 0.912923 0.000000 0.010000
-1.865565 0.967450 0.048387 0.408132 0.912923 0.000000 0.010000
-1.865565 0.967450 0.064516 0.408132 0.912923 0.000000 0.010000
-1.865565 0.967450 0.080645 0.408132 0.912923 0.000000 0.010000
-1.865565 0.967450 0.096774 0.408132 0.912923 0.000000 0.010000
-1.865565 0.967450 0.112903 0.408132 0.912923 0.000000 0.010000
-1.865565 0.967450 0.129032 0.408132 0.912923 0.000000 0.010000
-1.865565 0.967450 0.145161 0.408132 0.912923 0.000000 0.010000
-1.733274 0.894960 0.000000 0.547022 0.837118 0.000000 0.010000
-1.733274 0.894960 0.016129 0.547022 0.837118 0.000000 0.010000
-1.733274 0.894960 0.032258 0.547022 0.837118 0.000000 0.010000
-1.733274 0.894960 0.048387 0.547022 0.837118 0.000000 0.010000
-1.733274 0.894960 0.064516 0.547022 0.837118 0.000000 0.010000
-1.733274 0.894960 0.080645 0.547022 0.837118 0.000000 0.010000
-1.733274 0.894960 0.096774 0.547022 0.837118 0.000000 0.010000
-1.733274 0.894960 0.112903 0.547022 0.837118 0.000000 0.010000
-1.733274 0.894960 0.129032 0.547022 0.837118 0.000000 0.010000
-1.733274 0.894960 0.145161 0.547022 0.837118 0.000000 0.010000
-1.613010 0.803834 0.000000 0.654563 0.756007 0.000000 0.010000
-1.613010 0.803834 0.016129 0.654563 0.756007 0.000000 0.010000
-1.613010 0.803834 0.032258 0.654563 0.756007 0.000000 0.010000
-1.613010 0.803834 0.048387 0.654563 0.756007 0.000000 0.010000
-1.613010 0.803834 0.064516 0.654563 0.756007 0.000000 0.010000
-1.613010 0.803834 0.080645 0.654563 0.756007 0.000000 0.010000
-1.613010 0.803834 0.096774 0.654563 0.756007 0.000000 0.010000
-1.613010 0.803834 0.112903 0.654563 0.756007 0.000000 0.010000
-1.613010 0.803834 0.129032 0.654563 0.756007 0.000000 0.010000
-1.613010 0.803834 0.145161 0.654563 0.756007 0.000000 0.010000
-1.504670 0.698763 0.000000 0.732858 0.680381 0.000000 0.010000
-1.504670 0.698763 0.016129 0.732858 0.680381 0.000000 0.010000
-1.504670 0.698763 0.032258 0.732858 0.680381 0.000000 0.010000
-1.504670 0.698763 0.048387 0.732858 0.680381 0.000000 0.010000
-1.504670 0.698763 0.064516 0.732858 0.680381 0.000000 0.010000
-1.504670 0.698763 0.080645 0.732858 0.680381 0.000000 0.010000
-1.504670 0.698763 0.096774 0.732858 0.680381 0.000000 0.010000
-1.504670 0.698763 0.112903 0.732858 0.680381 0.000000 0.010000
-1.504670 0.698763 0.129032 0.732858 0.680381 0.000000 0.010000
-1.504670 0.698763 0.145161 0.732858 0.680381 0.000000 0.010000
-1.407044 0.583637 0.000000 0.788744 0.614722 0.000000 0.010000
-1.407044 0.583637 0.016129 0.788744 0.614722 0.000000 0.010000
-1.407044 0.583637 0.032258 0.788744 0.614722 0.000000 0.010000
-1.407044 0.583637 0.048387 0.788744 0.614722 0.000000 0.010000
-1.407044 0.583637 0.064516 0.788744 0.614722 0.000000 0.010000
-1.407044 0.583637 0.080645 0.788744 0.614722 0.000000 0.010000
-1.407044 0.583637 0.096774 0.788744 0.614722 0.000000 0.010000
-1.407044 0.583637 0.112903 0.788744 0.614722 0.000000 0.010000
-1.407044 0.583637 0.129032 0.788744 0.614722 0.000000 0.010000
-1.407044 0.583637 0.145161 0.788744 0.614722 0.000000 0.010000
-1.318408 0.461434 0.000000 0.827909 0.560862 0.000000 0.010000
-1.318408 0.461434 0.016129 0.827909 0.560862 0.000000 0.010000
-1.318408 0.461434 0.032258 0.827909 0.560862 0.000000 0.010000
-1.318408 0.461434 0.048387 0.827909 0.560862 0.000000 0.010000
-1.318408 0.461434 0.064516 0.827909 0.560862 0.000000 0.010000
-1.318408 0.461434 0.080645 0.827909 0.560862 0.000000 0.010000
-1.318408 0.461434 0.096774 0.827909 0.560862 0.000000 0.010000
-1.318408 0.461434 0.112903 0.827909 0.560862 0.000000 0.010000
-1.318408 0.461434 0.129032 0.827909 0.560862 0.000000 0.010000
-1.318408 0.461434 0.145161 0.827909 0.560862 0.000000 0.010000
-1.237316 0.334091 0.000000 0.857490 0.514501 0.000000 0.010000
-1.237316 0.334091 0.016129 0.857490 0.514501 0.000000 0.010000
-1.237316 0.334091 0.032258 0.857490 0.514501 0.000000 0.010000
-1.237316 0.334091 0.048387 0.857490 0.514501 0.000000 0.010000
-1.237316 0.334091 0.064516 0.857490 0.514501 0.000000 0.010000
-1.237316 0.334091 0.080645 0.857490 0.514501 0.000000 0.010000
-1.237316 0.334091 0.096774 0.857490 0.514501 0.000000 0.010000
-1.237316 0.334091 0.112903 0.857490 0.514501 0.000000 0.010000
-1.237316 0.334091 0.129032 0.857490 0.514501 0.000000 0.010000
-1.237316 0.334091 0.145161 0.857490 0.514501 0.000000 0.010000
-1.162637 0.202878 0.000000 0.879357 0.476164 0.000000 0.010000
-1.162637 0.202878 0.016129 0.879357 0.476164 0.000000 0.010000
-1.162637 0.202878 0.032258 0.879357 0.476164 0.000000 0.010000
-1.162637 0.202878 0.048387 0.879357 0.476164 0.000000 0.010000
-1.162637 0.202878 0.064516 0.879357 0.476164 0.000000 0.010000
-1.162637 0.202878 0.080645 0.879357 0.476164 0.000000 0.010000
-1.162637 0.202878 0.096774 0.879357 0.476164 0.000000 0.010000
-1.162637 0.202878 0.112903 0.879357 0.476164 0.000000 0.010000
-1.162637 0.202878 0.129032 0.879357 0.476164 0.000000 0.010000
-1.162637 0.202878 0.145161 0.879357 0.476164 0.000000 0.010000
-1.093065 0.068881 0.000000 0.894570 0.446927 0.000000 0.010000
-1.093065 0.068881 0.016129 0.894570 0.446927 0.000000 0.010000
-1.093065 0.068881 0.032258 0.894570 0.446927 0.000000 0.010000
-1.093065 0.068881 0.048387 0.894570 0.446927 0.000000 0.010000
-1.093065 0.068881 0.064516 0.894570 0.446927 0.000000 0.010000
-1.093065 0.068881 0.080645 0.894570 0.446927 0.000000 0.010000
-1.093065 0.068881 0.096774 0.894570 0.446927 0.000000 0.010000
-1.093065 0.068881 0.112903 0.894570 0.446927 0.000000 0.010000
-1.093065 0.068881 0.129032 0.894570 0.446927 0.000000 0.010000
-1.093065 0.068881 0.145161 0.894570 0.446927 0.000000 0.010000
-1.027327 -0.067041 0.000000 0.905381 0.424600 0.000000 0.010000
-1.027327 -0.067041 0.016129 0.905381 0.424600 0.000000 0.010000
-1.027327 -0.067041 0.032258 0.905381 0.424600 0.000000 0.010000
-1.027327 -0.067041 0.048387 0.905381 0.424600 0.000000 0.010000
-1.027327 -0.067041 0.064516 0.905381 0.424600 0.000000 0.010000
-1.027327 -0.067041 0.080645 0.905381 0.424600 0.000000 0.010000
-1.027327 -0.067041 0.096774 0.905381 0.424600 0.000000 0.010000
-1.027327 -0.067041 0.112903 0.905381 0.424600 0.000000 0.010000
-1.027327 -0.067041 0.129032 0.905381 0.424600 0.000000 0.010000
-1.027327 -0.067041 0.145161 0.905381 0.424600 0.000000 0.010000
-0.904266 -0.342786 0.000000 0.919488 0.393118 0.000000 0.010000
-0.904266 -0.342786 0.016129 0.919488 0.393118 0.000000 0.010000
-0.904266 -0.342786 0.032258 0.919488 0.393118 0.000000 0.010000
-0.904266 -0.342786 0.048387 0.919488 0.393118 0.000000 0.010000
-0.904266 -0.342786 0.064516 0.919488 0.393118 0.000000 0.010000
-0.904266 -0.342786 0.080645 0.919488 0.393118 0.000000 0.010000
-0.904266 -0.342786 0.096774 0.919488 0.393118 0.000000 0.010000
-0.904266 -0.342786 0.112903 0.919488 0.393118 0.000000 0.010000
-0.904266 -0.342786 0.129032 0.919488 0.393118 0.000000 0.010000
-0.904266 -0.342786 0.145161 0.919488 0.393118 0.000000 0.010000
-0.845719 -0.481960 0.000000 0.923777 0.382932 0.000000 0.010000
-0.845719 -0.481960 0.016129 0.923777 0.382932 0.000000 0.010000
-0.845719 -0.481960 0.032258 0.923777 0.382932 0.000000 0.010000
-0.845719 -0.481960 0.048387 0.923777 0.382932 0.000000 0.010000
-0.845719 -0.481960 0.064516 0.923777 0.382932 0.000000 0.010000
-0.845719 -0.481960 0.080645 0.923777 0.382932 0.000000 0.010000
-0.845719 -0.481960 0.096774 0.923777 0.382932 0.000000 0.010000
-0.845719 -0.481960 0.112903 0.923777 0.382932 0.000000 0.010000
-0.845719 -0.481960 0.129032 0.923777 0.382932 0.000000 0.010000
-0.845719 -0.481960 0.145161 0.923777 0.382932 0.000000 0.010000
-0.788502 -0.621685 0.000000 0.926872 0.375376 0.000000 0.010000
-0.788502 -0.621685 0.016129 0.926872 0.375376 0.000000 0.010000
-0.788502 -0.621685 0.032258 0.926872 0.375376 0.000000 0.010000
-0.788502 -0.621685 0.048387 0.926872 0.375376 0.000000 0.010000
-0.788502 -0.621685 0.064516 0.926872 0.375376 0.000000 0.010000
-0.788502 -0.621685 0.080645 0.926872 0.375376 0.000000 0.010000
-0.788502 -0.621685 0.096774 0.926872 0.375376 0.000000 0.010000
-0.788502 -0.621685 0.112903 0.926872 0.375376 0.000000 0.010000
-0.788502 -0.621685 0.129032 0.926872 0.375376 0.000000 0.010000
-0.788502 -0.621685 0.145161 0.926872 0.375376 0.000000 0.010000
-0.732265 -0.761808 0.000000 0.929214 0.369543 0.000000 0.010000
-0.732265 -0.761808 0.016129 0.929214 0.369543 0.000000 0.010000
-0.732265 -0.761808 0.032258 0.929214 0.369543 0.000000 0.010000
-0.732265 -0.761808 0.048387 0.929214 0.369543 0.000000 0.010000
-0.732265 -0.761808 0.064516 0.929214 0.369543 0.000000 0.010000
-0.732265 -0.761808 0.080645 0.929214 0.369543 0.000000 0.010000
-0.732265 -0.761808 0.096774 0.929214 0.369543 0.000000 0.010000
-0.732265 -0.761808 0.112903 0.929214 0.369543 0.000000 0.010000
-0.732265 -0.761808 0.129032 0.929214 0.369543 0.000000 0.010000
-0.732265 -0.761808 0.145161 0.929214 0.369543 0.000000 0.010000
-0.676948 -0.902297 0.000000 0.931767 0.363058 0.000000 0.010000
-0.676948 -0.902297 0.016129 0.931767 0.363058 0.000000 0.010000
-0.676948 -0.902297 0.032258 0.931767 0.363058 0.000000 0.010000
-0.676948 -0.902297 0.048387 0.931767 0.363058 0.000000 0.010000
-0.676948 -0.902297 0.064516 0.931767 0.363058 0.000000 0.010000
-0.676948 -0.902297 0.080645 0.931767 0.363058 0.000000 0.010000
-0.676948 -0.902297 0.096774 0.931767 0.363058 0.000000 0.010000
-0.676948 -0.902297 0.112903 0.931767 0.363058 0.000000 0.010000
-0.676948 -0.902297 0.129032 0.931767 0.363058 0.000000 0.010000
-0.676948 -0.902297 0.145161 0.931767 0.363058 0.000000 0.010000
-0.622642 -1.043180 0.000000 0.934337 0.356392 0.000000 0.010000
-0.622642 -1.043180 0.016129 0.934337 0.356392 0.000000 0.010000
-0.622642 -1.043180 0.032258 0.934337 0.356392 0.000000 0.010000
-0.622642 -1.043180 0.048387 0.934337 0.356392 0.000000 0.010000
-0.622642 -1.043180 0.064516 0.934337 0.356392 0.000000 0.010000
-0.622642 -1.043180 0.080645 0.934337 0.356392 0.000000 0.010000
-0.622642 -1.043180 0.096774 0.934337 0.356392 0.000000 0.010000
-0.622642 -1.043180 0.112903 0.934337 0.356392 0.000000 0.010000
-0.622642 -1.043180 0.129032 0.934337 0.356392 0.000000 0.010000
-0.622642 -1.043180 0.145161 0.934337 0.356392 0.000000 0.010000
-0.569292 -1.184427 0.000000 0.936596 0.350411 0.000000 0.010000
-0.569292 -1.184427 0.016129 0.936596 0.350411 0.000000 0.010000
-0.569292 -1.184427 0.032258 0.936596 0.350411 0.000000 0.010000
-0.569292 -1.184427 0.048387 0.936596 0.350411 0.000000 0.010000
-0.569292 -1.184427 0.064516 0.936596 0.350411 0.000000 0.010000
-0.569292 -1.184427 0.080645 0.936596 0.350411 0.000000 0.010000
-0.569292 -1.184427 0.096774 0.936596 0.350411 0.000000 0.010000
-0.569292 -1.184427 0.112903 0.936596 0.350411 0.000000 0.010000
-0.569292 -1.184427 0.129032 0.936596 0.350411 0.000000 0.010000
-0.569292 -1.184427 0.145161 0.936596 0.350411 0.000000 0.010000
-0.516770 -1.325985 0.000000 0.938406 0.345533 0.000000 0.010000
-0.516770 -1.325985 0.016129 0.938406 0.345533 0.000000 0.010000
-0.516770 -1.325985 0.032258 0.938406 0.345533 0.000000 0.010000
-0.516770 -1.325985 0.048387 0.938406 0.345533 0.000000 0.010000
-0.516770 -1.325985 0.064516 0.938406 0.345533 0.000000 0.010000
-0.516770 -1.325985 0.080645 0.938406 0.345533 0.000000 0.010000
-0.516770 -1.325985 0.096774 0.938406 0.345533 0.000000 0.010000
-0.516770 -1.325985 0.112903 0.938406 0.345533 0.000000 0.010000
-0.516770 -1.325985 0.129032 0.938406 0.345533 0.000000 0.010000
-0.516770 -1.325985 0.145161 0.938406 0.345533 0.000000 0.010000
-0.464882 -1.467776 0.000000 0.939730 0.341917 0.000000 0.010000
-0.464882 -1.467776 0.016129 0.939730 0.341917 0.000000 0.010000
-0.464882 -1.467776 0.032258 0.939730 0.341917 0.000000 0.010000
-0.464882 -1.467776 0.048387 0.939730 0.341917 0.000000 0.010000
-0.464882 -1.467776 0.064516 0.939730 0.341917 0.000000 0.010000
-0.464882 -1.467776 0.080645 0.939730 0.341917 0.000000 0.010000
-0.464882 -1.467776 0.096774 0.939730 0.341917 0.000000 0.010000
-0.464882 -1.467776 0.112903 0.939730 0.341917 0.000000 0.010000
-0.464882 -1.467776 0.129032 0.939730 0.341917 0.000000 0.010000
-0.464882 -1.467776 0.145161 0.939730 0.341917 0.000000 0.010000
-0.413534 -1.609763 0.000000 0.941091 0.338152 0.000000 0.010000
-0.413534 -1.609763 0.016129 0.941091 0.338152 0.000000 0.010000
-0.413534 -1.609763 0.032258 0.941091 0.338152 0.000000 0.010000
-0.413534 -1.609763 0.048387 0.941091 0.338152 0.000000 0.010000
-0.413534 -1.609763 0.064516 0.941091 0.338152 0.000000 0.010000
-0.413534 -1.609763 0.080645 0.941091 0.338152 0.000000 0.010000
-0.413534 -1.609763 0.096774 0.941091 0.338152 0.000000 0.010000
-0.413534 -1.609763 0.112903 0.941091 0.338152 0.000000 0.010000
-0.413534 -1.609763 0.129032 0.941091 0.338152 0.000000 0.010000
-0.413534 -1.609763 0.145161 0.941091 0.338152 0.000000 0.010000
-0.362835 -1.751984 0.000000 0.943048 0.332656 0.000000 0.010000
-0.362835 -1.751984 0.016129 0.943048 0.332656 0.000000 0.010000
-0.362835 -1.751984 0.032258 0.943048 0.332656 0.000000 0.010000
-0.362835 -1.751984 0.048387 0.943048 0.332656 0.000000 0.010000
-0.362835 -1.751984 0.064516 0.943048 0.332656 0.000000 0.010000
-0.362835 -1.751984 0.080645 0.943048 0.332656 0.000000 0.010000
-0.362835 -1.751984 0.096774 0.943048 0.332656 0.000000 0.010000
-0.362835 -1.751984 0.112903 0.943048 0.332656 0.000000 0.010000
-0.362835 -1.751984 0.129032 0.943048 0.332656 0.000000 0.010000
-0.362835 -1.751984 0.145161 0.943048 0.332656 0.000000 0.010000
-0.313442 -1.894663 0.000000 0.947285 0.320391 0.000000 0.010000
-0.313442 -1.894663 0.016129 0.947285 0.320391 0.000000 0.010000
-0.313442 -1.894663 0.032258 0.947285 0.320391 0.000000 0.010000
-0.313442 -1.894663 0.048387 0.947285 0.320391 0.000000 0.010000
-0.313442 -1.894663 0.064516 0.947285 0.320391 0.000000 0.010000
-0.313442 -1.894663 0.080645 0.947285 0.320391 0.000000 0.010000
-0.313442 -1.894663 0.096774 0.947285 0.320391 0.000000 0.010000
-0.313442 -1.894663 0.112903 0.947285 0.320391 0.000000 0.010000
-0.313442 -1.894663 0.129032 0.947285 0.320391 0.000000 0.010000
-0.313442 -1.894663 0.145161 0.947285 0.320391 0.000000 0.010000
-0.266448 -2.038148 0.000000 0.953631 0.300980 0.000000 0.010000
-0.266448 -2.038148 0.016129 0.953631 0.300980 0.000000 0.010000
-0.266448 -2.038148 0.032258 0.953631 0.300980 0.000000 0.010000
-0.266448 -2.038148 0.048387 0.953631 0.300980 0.000000 0.010000
-0.266448 -2.038148 0.064516 0.953631 0.300980 0.000000 0.010000
-0.266448 -2.038148 0.080645 0.953631 0.300980 0.000000 0.010000
-0.266448 -2.038148 0.096774 0.953631 0.300980 0.000000 0.010000
-0.266448 -2.038148 0.112903 0.953631 0.300980 0.000000 0.010000
-0.266448 -2.038148 0.129032 0.953631 0.300980 0.000000 0.010000
-0.266448 -2.038148 0.145161 0.953631 0.300980 0.000000 0.010000
-0.222844 -2.182698 0.000000 0.960305 0.278953 0.000000 0.010000
-0.222844 -2.182698 0.016129 0.960305 0.278953 0.000000 0.010000
-0.222844 -2.182698 0.032258 0.960305 0.278953 0.000000 0.010000
-0.222844 -2.182698 0.048387 0.960305 0.278953 0.000000 0.010000
-0.222844 -2.182698 0.064516 0.960305 0.278953 0.000000 0.010000
-0.222844 -2.182698 0.080645 0.960305 0.278953 0.000000 0.010000
-0.222844 -2.182698 0.096774 0.960305 0.278953 0.000000 0.010000
-0.222844 -2.182698 0.112903 0.960305 0.278953 0.000000 0.010000
-0.222844 -2.182698 0.129032 0.960305 0.278953 0.000000 0.010000
-0.222844 -2.182698 0.145161 0.960305 0.278953 0.000000 0.010000
