-3.500000, -2.500000 4.122508
-3.500000, -2.420000 3.958935
-3.500000, -2.340000 3.797507
-3.500000, -2.260000 3.638020
-3.500000, -2.180000 3.480299
-3.500000, -2.100000 3.324204
-3.500000, -2.020000 3.169627
-3.500000, -1.940000 3.016501
-3.500000, -1.860000 2.864793
-3.500000, -1.780000 2.714513
-3.500000, -1.700000 2.565714
-3.500000, -1.620000 2.418491
-3.500000, -1.540000 2.272988
-3.500000, -1.460000 2.129399
-3.500000, -1.380000 1.987968
-3.500000, -1.300000 1.848998
-3.500000, -1.220000 1.712850
-3.500000, -1.140000 1.579951
-3.500000, -1.060000 1.450797
-3.500000, -0.980000 1.325959
-3.500000, -0.900000 1.206086
-3.500000, -0.820000 1.091914
-3.500000, -0.740000 0.984261
-3.500000, -0.660000 0.884024
-3.500000, -0.580000 0.792167
-3.500000, -0.500000 0.709686
-3.500000, -0.420000 0.637558
-3.500000, -0.340000 0.576660
-3.500000, -0.260000 0.527656
-3.500000, -0.180000 0.490868
-3.500000, -0.100000 0.466172
-3.500000, -0.020000 0.452965
-3.500000, 0.060000 0.450270
-3.500000, 0.140000 0.456947
-3.500000, 0.220000 0.471932
-3.500000, 0.300000 0.494396
-3.500000, 0.380000 0.523802
-3.500000, 0.460000 0.559894
-3.500000, 0.540000 0.602648
-3.500000, 0.620000 0.652219
-3.500000, 0.700000 0.708885
-3.500000, 0.780000 0.773010
-3.500000, 0.860000 0.845009
-3.500000, 0.940000 0.925323
-3.500000, 1.020000 1.014413
-3.500000, 1.100000 1.112750
-3.500000, 1.180000 1.220805
-3.500000, 1.260000 1.339050
-3.500000, 1.340000 1.467955
-3.500000, 1.420000 1.607979
-3.500000, 1.500000 1.759573
-3.430000, -2.500000 4.029376
-3.430000, -2.420000 3.869141
-3.430000, -2.340000 3.710884
-3.430000, -2.260000 3.554389
-3.430000, -2.180000 3.399469
-3.430000, -2.100000 3.245975
-3.430000, -2.020000 3.093788
-3.430000, -1.940000 2.942827
-3.430000, -1.860000 2.793053
-3.430000, -1.780000 2.644462
-3.430000, -1.700000 2.497095
-3.430000, -1.620000 2.351038
-3.430000, -1.540000 2.206422
-3.430000, -1.460000 2.063427
-3.430000, -1.380000 1.922285
-3.430000, -1.300000 1.783285
-3.430000, -1.220000 1.646775
-3.430000, -1.140000 1.513168
-3.430000, -1.060000 1.382948
-3.430000, -0.980000 1.256677
-3.430000, -0.900000 1.135001
-3.430000, -0.820000 1.018662
-3.430000, -0.740000 0.908498
-3.430000, -0.660000 0.805448
-3.430000, -0.580000 0.710549
-3.430000, -0.500000 0.624911
-3.430000, -0.420000 0.549669
-3.430000, -0.340000 0.485900
-3.430000, -0.260000 0.434491
-3.430000, -0.180000 0.395958
-3.430000, -0.100000 0.370266
-3.430000, -0.020000 0.356727
-3.430000, 0.060000 0.354124
-3.430000, 0.140000 0.361017
-3.430000, 0.220000 0.376099
-3.430000, 0.300000 0.398407
-3.430000, 0.380000 0.427357
-3.430000, 0.460000 0.462700
-3.430000, 0.540000 0.504445
-3.430000, 0.620000 0.552794
-3.430000, 0.700000 0.608073
-3.430000, 0.780000 0.670686
-3.430000, 0.860000 0.741078
-3.430000, 0.940000 0.819716
-3.430000, 1.020000 0.907078
-3.430000, 1.100000 1.003649
-3.430000, 1.180000 1.109916
-3.430000, 1.260000 1.226363
-3.430000, 1.340000 1.353466
-3.430000, 1.420000 1.491696
-3.430000, 1.500000 1.641508
-3.360000, -2.500000 3.940989
-3.360000, -2.420000 3.784172
-3.360000, -2.340000 3.629173
-3.360000, -2.260000 3.475765
-3.360000, -2.180000 3.323752
-3.360000, -2.100000 3.172971
-3.360000, -2.020000 3.023294
-3.360000, -1.940000 2.874631
-3.360000, -1.860000 2.726930
-3.360000, -1.780000 2.580177
-3.360000, -1.700000 2.434403
-3.360000, -1.620000 2.289681
-3.360000, -1.540000 2.146129
-3.360000, -1.460000 2.003915
-3.360000, -1.380000 1.863257
-3.360000, -1.300000 1.724427
-3.360000, -1.220000 1.587757
-3.360000, -1.140000 1.453642
-3.360000, -1.060000 1.322548
-3.360000, -0.980000 1.195021
-3.360000, -0.900000 1.071691
-3.360000, -0.820000 0.953290
-3.360000, -0.740000 0.840659
-3.360000, -0.660000 0.734761
-3.360000, -0.580000 0.636684
-3.360000, -0.500000 0.547636
-3.360000, -0.420000 0.468911
-3.360000, -0.340000 0.401813
-3.360000, -0.260000 0.347515
-3.360000, -0.180000 0.306829
-3.360000, -0.100000 0.279908
-3.360000, -0.020000 0.266007
-3.360000, 0.060000 0.263589
-3.360000, 0.140000 0.270810
-3.360000, 0.220000 0.286061
-3.360000, 0.300000 0.308246
-3.360000, 0.380000 0.336754
-3.360000, 0.460000 0.371352
-3.360000, 0.540000 0.412097
-3.360000, 0.620000 0.459243
-3.360000, 0.700000 0.513169
-3.360000, 0.780000 0.574321
-3.360000, 0.860000 0.643171
-3.360000, 0.940000 0.720206
-3.360000, 1.020000 0.805922
-3.360000, 1.100000 0.900816
-3.360000, 1.180000 1.005388
-3.360000, 1.260000 1.120133
-3.360000, 1.340000 1.245539
-3.360000, 1.420000 1.382083
-3.360000, 1.500000 1.530227
-3.290000, -2.500000 3.857001
-3.290000, -2.420000 3.703678
-3.290000, -2.340000 3.552023
-3.290000, -2.260000 3.401797
-3.290000, -2.180000 3.252793
-3.290000, -2.100000 3.104837
-3.290000, -2.020000 2.957794
-3.290000, -1.940000 2.811561
-3.290000, -1.860000 2.666076
-3.290000, -1.780000 2.521317
-3.290000, -1.700000 2.377303
-3.290000, -1.620000 2.234095
-3.290000, -1.540000 2.091800
-3.290000, -1.460000 1.950572
-3.290000, -1.380000 1.810615
-3.290000, -1.300000 1.672184
-3.290000, -1.220000 1.535593
-3.290000, -1.140000 1.401215
-3.290000, -1.060000 1.269495
-3.290000, -0.980000 1.140951
-3.290000, -0.900000 1.016190
-3.290000, -0.820000 0.895919
-3.290000, -0.740000 0.780961
-3.290000, -0.660000 0.672275
-3.290000, -0.580000 0.570970
-3.290000, -0.500000 0.478321
-3.290000, -0.420000 0.395758
-3.290000, -0.340000 0.324816
-3.290000, -0.260000 0.267007
-3.290000, -0.180000 0.223577
-3.290000, -0.100000 0.195046
-3.290000, -0.020000 0.180685
-3.290000, 0.060000 0.178532
-3.290000, 0.140000 0.186175
-3.290000, 0.220000 0.201631
-3.290000, 0.300000 0.223703
-3.290000, 0.380000 0.251771
-3.290000, 0.460000 0.285630
-3.290000, 0.540000 0.325388
-3.290000, 0.620000 0.371362
-3.290000, 0.700000 0.423985
-3.290000, 0.780000 0.483742
-3.290000, 0.860000 0.551130
-3.290000, 0.940000 0.626651
-3.290000, 1.020000 0.710811
-3.290000, 1.100000 0.804122
-3.290000, 1.180000 0.907098
-3.290000, 1.260000 1.020246
-3.290000, 1.340000 1.144063
-3.290000, 1.420000 1.279035
-3.290000, 1.500000 1.425631
-3.220000, -2.500000 3.777055
-3.220000, -2.420000 3.627300
-3.220000, -2.340000 3.479070
-3.220000, -2.260000 3.332115
-3.220000, -2.180000 3.186220
-3.220000, -2.100000 3.041201
-3.220000, -2.020000 2.896911
-3.220000, -1.940000 2.753240
-3.220000, -1.860000 2.610117
-3.220000, -1.780000 2.467509
-3.220000, -1.700000 2.325426
-3.220000, -1.620000 2.183920
-3.220000, -1.540000 2.043085
-3.220000, -1.460000 1.903064
-3.220000, -1.380000 1.764045
-3.220000, -1.300000 1.626268
-3.220000, -1.220000 1.490027
-3.220000, -1.140000 1.355674
-3.220000, -1.060000 1.223626
-3.220000, -0.980000 1.094373
-3.220000, -0.900000 0.968487
-3.220000, -0.820000 0.846637
-3.220000, -0.740000 0.729609
-3.220000, -0.660000 0.618327
-3.220000, -0.580000 0.513883
-3.220000, -0.500000 0.417569
-3.220000, -0.420000 0.330898
-3.220000, -0.340000 0.255597
-3.220000, -0.260000 0.193532
-3.220000, -0.180000 0.146520
-3.220000, -0.100000 0.115758
-3.220000, -0.020000 0.100715
-3.220000, 0.060000 0.098874
-3.220000, 0.140000 0.106982
-3.220000, 0.220000 0.122613
-3.220000, 0.300000 0.144566
-3.220000, 0.380000 0.172191
-3.220000, 0.460000 0.205325
-3.220000, 0.540000 0.244125
-3.220000, 0.620000 0.288972
-3.220000, 0.700000 0.340362
-3.220000, 0.780000 0.398810
-3.220000, 0.860000 0.464831
-3.220000, 0.940000 0.538934
-3.220000, 1.020000 0.621637
-3.220000, 1.100000 0.713466
-3.220000, 1.180000 0.814947
-3.220000, 1.260000 0.926605
-3.220000, 1.340000 1.048946
-3.220000, 1.420000 1.182465
-3.220000, 1.500000 1.327634
-3.150000, -2.500000 3.700786
-3.150000, -2.420000 3.554665
-3.150000, -2.340000 3.409935
-3.150000, -2.260000 3.266338
-3.150000, -2.180000 3.123647
-3.150000, -2.100000 2.981669
-3.150000, -2.020000 2.840250
-3.150000, -1.940000 2.699271
-3.150000, -1.860000 2.558652
-3.150000, -1.780000 2.418352
-3.150000, -1.700000 2.278374
-3.150000, -1.620000 2.138759
-3.150000, -1.540000 1.999594
-3.150000, -1.460000 1.861009
-3.150000, -1.380000 1.723180
-3.150000, -1.300000 1.586332
-3.150000, -1.220000 1.450740
-3.150000, -1.140000 1.316735
-3.150000, -1.060000 1.184708
-3.150000, -0.980000 1.055115
-3.150000, -0.900000 0.928492
-3.150000, -0.820000 0.805462
-3.150000, -0.740000 0.686756
-3.150000, -0.660000 0.573236
-3.150000, -0.580000 0.465936
-3.150000, -0.500000 0.366102
-3.150000, -0.420000 0.275251
-3.150000, -0.340000 0.195210
-3.150000, -0.260000 0.128113
-3.150000, -0.180000 0.076384
-3.150000, -0.100000 0.042442
-3.150000, -0.020000 0.026162
-3.150000, 0.060000 0.024670
-3.150000, 0.140000 0.033064
-3.150000, 0.220000 0.048824
-3.150000, 0.300000 0.070638
-3.150000, 0.380000 0.097813
-3.150000, 0.460000 0.130260
-3.150000, 0.540000 0.168142
-3.150000, 0.620000 0.211933
-3.150000, 0.700000 0.262178
-3.150000, 0.780000 0.319425
-3.150000, 0.860000 0.384187
-3.150000, 0.940000 0.456976
-3.150000, 1.020000 0.538321
-3.150000, 1.100000 0.628766
-3.150000, 1.180000 0.728857
-3.150000, 1.260000 0.839133
-3.150000, 1.340000 0.960114
-3.150000, 1.420000 1.092300
-3.150000, 1.500000 1.236170
-3.080000, -2.500000 3.627818
-3.080000, -2.420000 3.485390
-3.080000, -2.340000 3.344230
-3.080000, -2.260000 3.204068
-3.080000, -2.180000 3.064669
-3.080000, -2.100000 2.925832
-3.080000, -2.020000 2.787394
-3.080000, -1.940000 2.649230
-3.080000, -1.860000 2.511252
-3.080000, -1.780000 2.373414
-3.080000, -1.700000 2.235710
-3.080000, -1.620000 2.098176
-3.080000, -1.540000 1.960890
-3.080000, -1.460000 1.823974
-3.080000, -1.380000 1.687594
-3.080000, -1.300000 1.551961
-3.080000, -1.220000 1.417336
-3.080000, -1.140000 1.284030
-3.080000, -1.060000 1.152409
-3.080000, -0.980000 1.022902
-3.080000, -0.900000 0.896004
-3.080000, -0.820000 0.772291
-3.080000, -0.740000 0.652433
-3.080000, -0.660000 0.537219
-3.080000, -0.580000 0.427588
-3.080000, -0.500000 0.324682
-3.080000, -0.420000 0.229923
-3.080000, -0.340000 0.145106
-3.080000, -0.260000 0.072462
-3.080000, -0.180000 0.014713
-3.080000, -0.100000 -0.023937
-3.080000, -0.020000 -0.042111
-3.080000, 0.060000 -0.044182
-3.080000, 0.140000 -0.035828
-3.080000, 0.220000 -0.020031
-3.080000, 0.300000 0.001603
-3.080000, 0.380000 0.028479
-3.080000, 0.460000 0.060279
-3.080000, 0.540000 0.097315
-3.080000, 0.620000 0.140154
-3.080000, 0.700000 0.189367
-3.080000, 0.780000 0.245538
-3.080000, 0.860000 0.309154
-3.080000, 0.940000 0.380730
-3.080000, 1.020000 0.460812
-3.080000, 1.100000 0.549969
-3.080000, 1.180000 0.648771
-3.080000, 1.260000 0.757773
-3.080000, 1.340000 0.877509
-3.080000, 1.420000 1.008486
-3.080000, 1.500000 1.151187
-3.010000, -2.500000 3.557766
-3.010000, -2.420000 3.419084
-3.010000, -2.340000 3.281553
-3.010000, -2.260000 3.144895
-3.010000, -2.180000 3.008867
-3.010000, -2.100000 2.873261
-3.010000, -2.020000 2.737906
-3.010000, -1.940000 2.602671
-3.010000, -1.860000 2.467463
-3.010000, -1.780000 2.332230
-3.010000, -1.700000 2.196963
-3.010000, -1.620000 2.061692
-3.010000, -1.540000 1.926491
-3.010000, -1.460000 1.791474
-3.010000, -1.380000 1.656800
-3.010000, -1.300000 1.522673
-3.010000, -1.220000 1.389339
-3.010000, -1.140000 1.257096
-3.010000, -1.060000 1.126292
-3.010000, -0.980000 0.997327
-3.010000, -0.900000 0.870668
-3.010000, -0.820000 0.746848
-3.010000, -0.740000 0.626483
-3.010000, -0.660000 0.510288
-3.010000, -0.580000 0.399102
-3.010000, -0.500000 0.293933
-3.010000, -0.420000 0.196035
-3.010000, -0.340000 0.107027
-3.010000, -0.260000 0.028978
-3.010000, -0.180000 -0.035190
-3.010000, -0.100000 -0.077698
-3.010000, -0.020000 -0.098927
-3.010000, 0.060000 -0.103759
-3.010000, 0.140000 -0.097423
-3.010000, 0.220000 -0.083152
-3.010000, 0.300000 -0.062533
-3.010000, 0.380000 -0.036333
-3.010000, 0.460000 -0.004906
-3.010000, 0.540000 0.031566
-3.010000, 0.620000 0.073585
-3.010000, 0.700000 0.121917
-3.010000, 0.780000 0.177153
-3.010000, 0.860000 0.239726
-3.010000, 0.940000 0.310177
-3.010000, 1.020000 0.389080
-3.010000, 1.100000 0.477039
-3.010000, 1.180000 0.574649
-3.010000, 1.260000 0.682486
-3.010000, 1.340000 0.801094
-3.010000, 1.420000 0.930988
-3.010000, 1.500000 1.072649
-2.940000, -2.500000 3.490242
-2.940000, -2.420000 3.355345
-2.940000, -2.340000 3.221493
-2.940000, -2.260000 3.088399
-2.940000, -2.180000 2.955810
-2.940000, -2.100000 2.823513
-2.940000, -2.020000 2.691331
-2.940000, -1.940000 2.559127
-2.940000, -1.860000 2.426805
-2.940000, -1.780000 2.294311
-2.940000, -1.700000 2.161631
-2.940000, -1.620000 2.028793
-2.940000, -1.540000 1.895869
-2.940000, -1.460000 1.762970
-2.940000, -1.380000 1.630251
-2.940000, -1.300000 1.497910
-2.940000, -1.220000 1.366187
-2.940000, -1.140000 1.235370
-2.940000, -1.060000 1.105792
-2.940000, -0.980000 0.977839
-2.940000, -0.900000 0.851954
-2.940000, -0.820000 0.728641
-2.940000, -0.740000 0.608478
-2.940000, -0.660000 0.492128
-2.940000, -0.580000 0.380357
-2.940000, -0.500000 0.274065
-2.940000, -0.420000 0.174343
-2.940000, -0.340000 0.082607
-2.940000, -0.260000 0.000750
-2.940000, -0.180000 -0.067215
-2.940000, -0.100000 -0.114083
-2.940000, -0.020000 -0.140486
-2.940000, 0.060000 -0.150531
-2.940000, 0.140000 -0.148546
-2.940000, 0.220000 -0.137659
-2.940000, 0.300000 -0.119675
-2.940000, 0.380000 -0.095475
-2.940000, 0.460000 -0.065447
-2.940000, 0.540000 -0.029571
-2.940000, 0.620000 0.012190
-2.940000, 0.700000 0.059882
-2.940000, 0.780000 0.114298
-2.940000, 0.860000 0.175916
-2.940000, 0.940000 0.245316
-2.940000, 1.020000 0.323113
-2.940000, 1.100000 0.409955
-2.940000, 1.180000 0.506470
-2.940000, 1.260000 0.613249
-2.940000, 1.340000 0.730848
-2.940000, 1.420000 0.859783
-2.940000, 1.500000 1.000539
-2.870000, -2.500000 3.424847
-2.870000, -2.420000 3.293766
-2.870000, -2.340000 3.163631
-2.870000, -2.260000 3.034146
-2.870000, -2.180000 2.905053
-2.870000, -2.100000 2.776130
-2.870000, -2.020000 2.647196
-2.870000, -1.940000 2.518111
-2.870000, -1.860000 2.388777
-2.870000, -1.780000 2.259137
-2.870000, -1.700000 2.129177
-2.870000, -1.620000 1.998926
-2.870000, -1.540000 1.868454
-2.870000, -1.460000 1.737874
-2.870000, -1.380000 1.607339
-2.870000, -1.300000 1.477046
-2.870000, -1.220000 1.347234
-2.870000, -1.140000 1.218184
-2.870000, -1.060000 1.090225
-2.870000, -0.980000 0.963734
-2.870000, -0.900000 0.839140
-2.870000, -0.820000 0.716935
-2.870000, -0.740000 0.597678
-2.870000, -0.660000 0.482009
-2.870000, -0.580000 0.370667
-2.870000, -0.500000 0.264516
-2.870000, -0.420000 0.164592
-2.870000, -0.340000 0.072207
-2.870000, -0.260000 -0.011062
-2.870000, -0.180000 -0.081753
-2.870000, -0.100000 -0.133755
-2.870000, -0.020000 -0.166971
-2.870000, 0.060000 -0.184013
-2.870000, 0.140000 -0.188225
-2.870000, 0.220000 -0.182410
-2.870000, 0.300000 -0.168438
-2.870000, 0.380000 -0.147365
-2.870000, 0.460000 -0.119675
-2.870000, 0.540000 -0.085445
-2.870000, 0.620000 -0.044530
-2.870000, 0.700000 0.003069
-2.870000, 0.780000 0.056939
-2.870000, 0.860000 0.117731
-2.870000, 0.940000 0.186140
-2.870000, 1.020000 0.262899
-2.870000, 1.100000 0.348709
-2.870000, 1.180000 0.444225
-2.870000, 1.260000 0.550056
-2.870000, 1.340000 0.666765
-2.870000, 1.420000 0.794870
-2.870000, 1.500000 0.934853
-2.800000, -2.500000 3.361183
-2.800000, -2.420000 3.233935
-2.800000, -2.340000 3.107542
-2.800000, -2.260000 2.981699
-2.800000, -2.180000 2.856141
-2.800000, -2.100000 2.730642
-2.800000, -2.020000 2.605016
-2.800000, -1.940000 2.479120
-2.800000, -1.860000 2.352856
-2.800000, -1.780000 2.226166
-2.800000, -1.700000 2.099039
-2.800000, -1.620000 1.971505
-2.800000, -1.540000 1.843637
-2.800000, -1.460000 1.715550
-2.800000, -1.380000 1.587402
-2.800000, -1.300000 1.459390
-2.800000, -1.220000 1.331755
-2.800000, -1.140000 1.204779
-2.800000, -1.060000 1.078790
-2.800000, -0.980000 0.954162
-2.800000, -0.900000 0.831323
-2.800000, -0.820000 0.710760
-2.800000, -0.740000 0.593027
-2.800000, -0.660000 0.478765
-2.800000, -0.580000 0.368716
-2.800000, -0.500000 0.263753
-2.800000, -0.420000 0.164924
-2.800000, -0.340000 0.073469
-2.800000, -0.260000 -0.009586
-2.800000, -0.180000 -0.082537
-2.800000, -0.100000 -0.140176
-2.800000, -0.020000 -0.180803
-2.800000, 0.060000 -0.205658
-2.800000, 0.140000 -0.217102
-2.800000, 0.220000 -0.217467
-2.800000, 0.300000 -0.208539
-2.800000, 0.380000 -0.191465
-2.800000, 0.460000 -0.166858
-2.800000, 0.540000 -0.134924
-2.800000, 0.620000 -0.095604
-2.800000, 0.700000 -0.048881
-2.800000, 0.780000 0.004906
-2.800000, 0.860000 0.065093
-2.800000, 0.940000 0.132609
-2.800000, 1.020000 0.208428
-2.800000, 1.100000 0.293298
-2.800000, 1.180000 0.387919
-2.800000, 1.260000 0.492916
-2.800000, 1.340000 0.608856
-2.800000, 1.420000 0.736260
-2.800000, 1.500000 0.875606
-2.730000, -2.500000 3.298848
-2.730000, -2.420000 3.175437
-2.730000, -2.340000 3.052796
-2.730000, -2.260000 2.930613
-2.730000, -2.180000 2.808615
-2.730000, -2.100000 2.686571
-2.730000, -2.020000 2.564294
-2.730000, -1.940000 2.441638
-2.730000, -1.860000 2.318504
-2.730000, -1.780000 2.194838
-2.730000, -1.700000 2.070632
-2.730000, -1.620000 1.945918
-2.730000, -1.540000 1.820777
-2.730000, -1.460000 1.695327
-2.730000, -1.380000 1.569732
-2.730000, -1.300000 1.444195
-2.730000, -1.220000 1.318961
-2.730000, -1.140000 1.194316
-2.730000, -1.060000 1.070590
-2.730000, -0.980000 0.948159
-2.730000, -0.900000 0.827451
-2.730000, -0.820000 0.708952
-2.730000, -0.740000 0.593218
-2.730000, -0.660000 0.480887
-2.730000, -0.580000 0.372700
-2.730000, -0.500000 0.269519
-2.730000, -0.420000 0.172332
-2.730000, -0.340000 0.082184
-2.730000, -0.260000 -0.000148
-2.730000, -0.180000 -0.075175
-2.730000, -0.100000 -0.137842
-2.730000, -0.020000 -0.185417
-2.730000, 0.060000 -0.217928
-2.730000, 0.140000 -0.236786
-2.730000, 0.220000 -0.243764
-2.730000, 0.300000 -0.240421
-2.730000, 0.380000 -0.227897
-2.730000, 0.460000 -0.206888
-2.730000, 0.540000 -0.177733
-2.730000, 0.620000 -0.140530
-2.730000, 0.700000 -0.095328
-2.730000, 0.780000 -0.042308
-2.730000, 0.860000 0.017853
-2.730000, 0.940000 0.084700
-2.730000, 1.020000 0.159693
-2.730000, 1.100000 0.243735
-2.730000, 1.180000 0.337575
-2.730000, 1.260000 0.441853
-2.730000, 1.340000 0.557148
-2.730000, 1.420000 0.683981
-2.730000, 1.500000 0.822825
-2.660000, -2.500000 3.237440
-2.660000, -2.420000 3.117856
-2.660000, -2.340000 2.998962
-2.660000, -2.260000 2.880440
-2.660000, -2.180000 2.762009
-2.660000, -2.100000 2.643435
-2.660000, -2.020000 2.524526
-2.660000, -1.940000 2.405138
-2.660000, -1.860000 2.285173
-2.660000, -1.780000 2.164580
-2.660000, -1.700000 2.043353
-2.660000, -1.620000 1.921534
-2.660000, -1.540000 1.799208
-2.660000, -1.460000 1.676502
-2.660000, -1.380000 1.553587
-2.660000, -1.300000 1.430673
-2.660000, -1.220000 1.308012
-2.660000, -1.140000 1.185895
-2.660000, -1.060000 1.064655
-2.660000, -0.980000 0.944671
-2.660000, -0.900000 0.826368
-2.660000, -0.820000 0.710227
-2.660000, -0.740000 0.596795
-2.660000, -0.660000 0.486691
-2.660000, -0.580000 0.380618
-2.660000, -0.500000 0.279368
-2.660000, -0.420000 0.183779
-2.660000, -0.340000 0.094611
-2.660000, -0.260000 0.012059
-2.660000, -0.180000 -0.064257
-2.660000, -0.100000 -0.130801
-2.660000, -0.020000 -0.184192
-2.660000, 0.060000 -0.223504
-2.660000, 0.140000 -0.249283
-2.660000, 0.220000 -0.262701
-2.660000, 0.300000 -0.264999
-2.660000, 0.380000 -0.257209
-2.660000, 0.460000 -0.240055
-2.660000, 0.540000 -0.213974
-2.660000, 0.620000 -0.179195
-2.660000, 0.700000 -0.135862
-2.660000, 0.780000 -0.084167
-2.660000, 0.860000 -0.024441
-2.660000, 0.940000 0.042334
-2.660000, 1.020000 0.116692
-2.660000, 1.100000 0.200055
-2.660000, 1.180000 0.293231
-2.660000, 1.260000 0.396908
-2.660000, 1.340000 0.511681
-2.660000, 1.420000 0.638072
-2.660000, 1.500000 0.776550
-2.590000, -2.500000 3.176561
-2.590000, -2.420000 3.060777
-2.590000, -2.340000 2.945611
-2.590000, -2.260000 2.830734
-2.590000, -2.180000 2.715860
-2.590000, -2.100000 2.600749
-2.590000, -2.020000 2.485208
-2.590000, -1.940000 2.369094
-2.590000, -1.860000 2.252309
-2.590000, -1.780000 2.134809
-2.590000, -1.700000 2.016592
-2.590000, -1.620000 1.897709
-2.590000, -1.540000 1.778252
-2.590000, -1.460000 1.658357
-2.590000, -1.380000 1.538205
-2.590000, -1.300000 1.418013
-2.590000, -1.220000 1.298041
-2.590000, -1.140000 1.178585
-2.590000, -1.060000 1.059980
-2.590000, -0.980000 0.942603
-2.590000, -0.900000 0.826874
-2.590000, -0.820000 0.713257
-2.590000, -0.740000 0.602272
-2.590000, -0.660000 0.494493
-2.590000, -0.580000 0.390548
-2.590000, -0.500000 0.291103
-2.590000, -0.420000 0.196798
-2.590000, -0.340000 0.108124
-2.590000, -0.260000 0.025237
-2.590000, -0.180000 -0.052364
-2.590000, -0.100000 -0.121852
-2.590000, -0.020000 -0.179815
-2.590000, 0.060000 -0.224764
-2.590000, 0.140000 -0.256557
-2.590000, 0.220000 -0.275806
-2.590000, 0.300000 -0.283396
-2.590000, 0.380000 -0.280186
-2.590000, 0.460000 -0.266867
-2.590000, 0.540000 -0.243929
-2.590000, 0.620000 -0.211691
-2.590000, 0.700000 -0.170377
-2.590000, 0.780000 -0.120187
-2.590000, 0.860000 -0.061380
-2.590000, 0.940000 0.005568
-2.590000, 1.020000 0.079523
-2.590000, 1.100000 0.162325
-2.590000, 1.180000 0.254942
-2.590000, 1.260000 0.358133
-2.590000, 1.340000 0.472507
-2.590000, 1.420000 0.598587
-2.590000, 1.500000 0.736834
-2.520000, -2.500000 3.115816
-2.520000, -2.420000 3.003793
-2.520000, -2.340000 2.892317
-2.520000, -2.260000 2.781052
-2.520000, -2.180000 2.669704
-2.520000, -2.100000 2.558030
-2.520000, -2.020000 2.445835
-2.520000, -1.940000 2.332975
-2.520000, -1.860000 2.219358
-2.520000, -1.780000 2.104942
-2.520000, -1.700000 1.989736
-2.520000, -1.620000 1.873795
-2.520000, -1.540000 1.757224
-2.520000, -1.460000 1.640167
-2.520000, -1.380000 1.522815
-2.520000, -1.300000 1.405395
-2.520000, -1.220000 1.288171
-2.520000, -1.140000 1.171445
-2.520000, -1.060000 1.055551
-2.520000, -0.980000 0.940860
-2.520000, -0.900000 0.827777
-2.520000, -0.820000 0.716740
-2.520000, -0.740000 0.608225
-2.520000, -0.660000 0.502739
-2.520000, -0.580000 0.400808
-2.520000, -0.500000 0.302952
-2.520000, -0.420000 0.209628
-2.520000, -0.340000 0.121164
-2.520000, -0.260000 0.037685
-2.520000, -0.180000 -0.040994
-2.520000, -0.100000 -0.112730
-2.520000, -0.020000 -0.174174
-2.520000, 0.060000 -0.223566
-2.520000, 0.140000 -0.260292
-2.520000, 0.220000 -0.284505
-2.520000, 0.300000 -0.296748
-2.520000, 0.380000 -0.297684
-2.520000, 0.460000 -0.287930
-2.520000, 0.540000 -0.267981
-2.520000, 0.620000 -0.238207
-2.520000, 0.700000 -0.198884
-2.520000, 0.780000 -0.150229
-2.520000, 0.860000 -0.092457
-2.520000, 0.940000 -0.025914
-2.520000, 1.020000 0.048222
-2.520000, 1.100000 0.130584
-2.520000, 1.180000 0.222765
-2.520000, 1.260000 0.325586
-2.520000, 1.340000 0.439685
-2.520000, 1.420000 0.565586
-2.520000, 1.500000 0.703739
-2.450000, -2.500000 3.054820
-2.450000, -2.420000 2.946502
-2.450000, -2.340000 2.838663
-2.450000, -2.260000 2.730958
-2.450000, -2.180000 2.623088
-2.450000, -2.100000 2.514803
-2.450000, -2.020000 2.405908
-2.450000, -1.940000 2.296261
-2.450000, -1.860000 2.185771
-2.450000, -1.780000 2.074404
-2.450000, -1.700000 1.962176
-2.450000, -1.620000 1.849152
-2.450000, -1.540000 1.735445
-2.450000, -1.460000 1.621213
-2.450000, -1.380000 1.506655
-2.450000, -1.300000 1.392005
-2.450000, -1.220000 1.277536
-2.450000, -1.140000 1.163549
-2.450000, -1.060000 1.050377
-2.450000, -0.980000 0.938379
-2.450000, -0.900000 0.827936
-2.450000, -0.820000 0.719455
-2.450000, -0.740000 0.613354
-2.450000, -0.660000 0.510062
-2.450000, -0.580000 0.409996
-2.450000, -0.500000 0.313540
-2.450000, -0.420000 0.221012
-2.450000, -0.340000 0.132640
-2.450000, -0.260000 0.048604
-2.450000, -0.180000 -0.031029
-2.450000, -0.100000 -0.104485
-2.450000, -0.020000 -0.168515
-2.450000, 0.060000 -0.221262
-2.450000, 0.140000 -0.261819
-2.450000, 0.220000 -0.290002
-2.450000, 0.300000 -0.306077
-2.450000, 0.380000 -0.310521
-2.450000, 0.460000 -0.303853
-2.450000, 0.540000 -0.286548
-2.450000, 0.620000 -0.258990
-2.450000, 0.700000 -0.221480
-2.450000, 0.780000 -0.174247
-2.450000, 0.860000 -0.117487
-2.450000, 0.940000 -0.051488
-2.450000, 1.020000 0.022834
-2.450000, 1.100000 0.104915
-2.450000, 1.180000 0.196763
-2.450000, 1.260000 0.299330
-2.450000, 1.340000 0.413282
-2.450000, 1.420000 0.539139
-2.450000, 1.500000 0.677336
-2.380000, -2.500000 2.993198
-2.380000, -2.420000 2.888512
-2.380000, -2.340000 2.784241
-2.380000, -2.260000 2.680028
-2.380000, -2.180000 2.575567
-2.380000, -2.100000 2.470604
-2.380000, -2.020000 2.364943
-2.380000, -1.940000 2.258441
-2.380000, -1.860000 2.151013
-2.380000, -1.780000 2.042631
-2.380000, -1.700000 1.933318
-2.380000, -1.620000 1.823152
-2.380000, -1.540000 1.712255
-2.380000, -1.460000 1.600796
-2.380000, -1.380000 1.488982
-2.380000, -1.300000 1.377059
-2.380000, -1.220000 1.265301
-2.380000, -1.140000 1.154011
-2.380000, -1.060000 1.043516
-2.380000, -0.980000 0.934158
-2.380000, -0.900000 0.826295
-2.380000, -0.820000 0.720290
-2.380000, -0.740000 0.616505
-2.380000, -0.660000 0.515287
-2.380000, -0.580000 0.416957
-2.380000, -0.500000 0.321787
-2.380000, -0.420000 0.229997
-2.380000, -0.340000 0.141773
-2.380000, -0.260000 0.057356
-2.380000, -0.180000 -0.023026
-2.380000, -0.100000 -0.097768
-2.380000, -0.020000 -0.163671
-2.380000, 0.060000 -0.218806
-2.380000, 0.140000 -0.262128
-2.380000, 0.220000 -0.293249
-2.380000, 0.300000 -0.312234
-2.380000, 0.380000 -0.319407
-2.380000, 0.460000 -0.315197
-2.380000, 0.540000 -0.300036
-2.380000, 0.620000 -0.274307
-2.380000, 0.700000 -0.238314
-2.380000, 0.780000 -0.192293
-2.380000, 0.860000 -0.136434
-2.380000, 0.940000 -0.070976
-2.380000, 1.020000 0.003312
-2.380000, 1.100000 0.085360
-2.380000, 1.180000 0.176982
-2.380000, 1.260000 0.279425
-2.380000, 1.340000 0.393367
-2.380000, 1.420000 0.519319
-2.380000, 1.500000 0.657700
-2.310000, -2.500000 2.930587
-2.310000, -2.420000 2.829447
-2.310000, -2.340000 2.728657
-2.310000, -2.260000 2.627851
-2.310000, -2.180000 2.526713
-2.310000, -2.100000 2.424985
-2.310000, -2.020000 2.322468
-2.310000, -1.940000 2.219022
-2.310000, -1.860000 2.114566
-2.310000, -1.780000 2.009077
-2.310000, -1.700000 1.902591
-2.310000, -1.620000 1.795192
-2.310000, -1.540000 1.687017
-2.310000, -1.460000 1.578243
-2.310000, -1.380000 1.469090
-2.310000, -1.300000 1.359808
-2.310000, -1.220000 1.250678
-2.310000, -1.140000 1.142000
-2.310000, -1.060000 1.034092
-2.310000, -0.980000 0.927282
-2.310000, -0.900000 0.821897
-2.310000, -0.820000 0.718260
-2.310000, -0.740000 0.616677
-2.310000, -0.660000 0.517423
-2.310000, -0.580000 0.420738
-2.310000, -0.500000 0.326811
-2.310000, -0.420000 0.235799
-2.310000, -0.340000 0.147866
-2.310000, -0.260000 0.063284
-2.310000, -0.180000 -0.017560
-2.310000, -0.100000 -0.093193
-2.310000, -0.020000 -0.160254
-2.310000, 0.060000 -0.216867
-2.310000, 0.140000 -0.261932
-2.310000, 0.220000 -0.294953
-2.310000, 0.300000 -0.315875
-2.310000, 0.380000 -0.324915
-2.310000, 0.460000 -0.322427
-2.310000, 0.540000 -0.308804
-2.310000, 0.620000 -0.284411
-2.310000, 0.700000 -0.249549
-2.310000, 0.780000 -0.204451
-2.310000, 0.860000 -0.149303
-2.310000, 0.940000 -0.084336
-2.310000, 1.020000 -0.010012
-2.310000, 1.100000 0.071917
-2.310000, 1.180000 0.163476
-2.310000, 1.260000 0.265936
-2.310000, 1.340000 0.380012
-2.310000, 1.420000 0.506206
-2.310000, 1.500000 0.644915
-2.240000, -2.500000 2.866640
-2.240000, -2.420000 2.768945
-2.240000, -2.340000 2.671536
-2.240000, -2.260000 2.574034
-2.240000, -2.180000 2.476115
-2.240000, -2.100000 2.377516
-2.240000, -2.020000 2.278035
-2.240000, -1.940000 2.177534
-2.240000, -1.860000 2.075936
-2.240000, -1.780000 1.973227
-2.240000, -1.700000 1.869450
-2.240000, -1.620000 1.764702
-2.240000, -1.540000 1.659131
-2.240000, -1.460000 1.552927
-2.240000, -1.380000 1.446318
-2.240000, -1.300000 1.339561
-2.240000, -1.220000 1.232941
-2.240000, -1.140000 1.126756
-2.240000, -1.060000 1.021316
-2.240000, -0.980000 0.916930
-2.240000, -0.900000 0.813901
-2.240000, -0.820000 0.712511
-2.240000, -0.740000 0.613016
-2.240000, -0.660000 0.515636
-2.240000, -0.580000 0.420543
-2.240000, -0.500000 0.327872
-2.240000, -0.420000 0.237738
-2.240000, -0.340000 0.150293
-2.240000, -0.260000 0.065829
-2.240000, -0.180000 -0.015221
-2.240000, -0.100000 -0.091171
-2.240000, -0.020000 -0.158703
-2.240000, 0.060000 -0.215905
-2.240000, 0.140000 -0.261708
-2.240000, 0.220000 -0.295598
-2.240000, 0.300000 -0.317463
-2.240000, 0.380000 -0.327463
-2.240000, 0.460000 -0.325902
-2.240000, 0.540000 -0.313138
-2.240000, 0.620000 -0.289516
-2.240000, 0.700000 -0.255330
-2.240000, 0.780000 -0.210807
-2.240000, 0.860000 -0.156122
-2.240000, 0.940000 -0.091470
-2.240000, 1.020000 -0.017373
-2.240000, 1.100000 0.064750
-2.240000, 1.180000 0.156313
-2.240000, 1.260000 0.258929
-2.240000, 1.340000 0.373296
-2.240000, 1.420000 0.499883
-2.240000, 1.500000 0.639066
-2.170000, -2.500000 2.801029
-2.170000, -2.420000 2.706663
-2.170000, -2.340000 2.612519
-2.170000, -2.260000 2.518205
-2.170000, -2.180000 2.423386
-2.170000, -2.100000 2.327792
-2.170000, -2.020000 2.231220
-2.170000, -1.940000 2.133533
-2.170000, -1.860000 2.034659
-2.170000, -1.780000 1.934592
-2.170000, -1.700000 1.833386
-2.170000, -1.620000 1.731150
-2.170000, -1.540000 1.628043
-2.170000, -1.460000 1.524267
-2.170000, -1.380000 1.420060
-2.170000, -1.300000 1.315688
-2.170000, -1.220000 1.211437
-2.170000, -1.140000 1.107605
-2.170000, -1.060000 1.004492
-2.170000, -0.980000 0.902394
-2.170000, -0.900000 0.801587
-2.170000, -0.820000 0.702322
-2.170000, -0.740000 0.604815
-2.170000, -0.660000 0.509238
-2.170000, -0.580000 0.415719
-2.170000, -0.500000 0.324354
-2.170000, -0.420000 0.235234
-2.170000, -0.340000 0.148505
-2.170000, -0.260000 0.064469
-2.170000, -0.180000 -0.016372
-2.170000, -0.100000 -0.092129
-2.170000, -0.020000 -0.159327
-2.170000, 0.060000 -0.216196
-2.170000, 0.140000 -0.261734
-2.170000, 0.220000 -0.295465
-2.170000, 0.300000 -0.317282
-2.170000, 0.380000 -0.327321
-2.170000, 0.460000 -0.325861
-2.170000, 0.540000 -0.313238
-2.170000, 0.620000 -0.289782
-2.170000, 0.700000 -0.255774
-2.170000, 0.780000 -0.211435
-2.170000, 0.860000 -0.156928
-2.170000, 0.940000 -0.092431
-2.170000, 1.020000 -0.018330
-2.170000, 1.100000 0.063737
-2.170000, 1.180000 0.155510
-2.170000, 1.260000 0.258473
-2.170000, 1.340000 0.373300
-2.170000, 1.420000 0.500441
-2.170000, 1.500000 0.640245
-2.100000, -2.500000 2.733447
-2.100000, -2.420000 2.642283
-2.100000, -2.340000 2.551275
-2.100000, -2.260000 2.460017
-2.100000, -2.180000 2.368162
-2.100000, -2.100000 2.275435
-2.100000, -2.020000 2.181629
-2.100000, -1.940000 2.086607
-2.100000, -1.860000 1.990306
-2.100000, -1.780000 1.892727
-2.100000, -1.700000 1.793934
-2.100000, -1.620000 1.694051
-2.100000, -1.540000 1.593248
-2.100000, -1.460000 1.491741
-2.100000, -1.380000 1.389778
-2.100000, -1.300000 1.287633
-2.100000, -1.220000 1.185595
-2.100000, -1.140000 1.083963
-2.100000, -1.060000 0.983029
-2.100000, -0.980000 0.883077
-2.100000, -0.900000 0.784362
-2.100000, -0.820000 0.687110
-2.100000, -0.740000 0.591505
-2.100000, -0.660000 0.497686
-2.100000, -0.580000 0.405750
-2.100000, -0.500000 0.315769
-2.100000, -0.420000 0.227824
-2.100000, -0.340000 0.142063
-2.100000, -0.260000 0.058799
-2.100000, -0.180000 -0.021409
-2.100000, -0.100000 -0.096236
-2.100000, -0.020000 -0.162256
-2.100000, 0.060000 -0.217830
-2.100000, 0.140000 -0.262093
-2.100000, 0.220000 -0.294653
-2.100000, 0.300000 -0.315442
-2.100000, 0.380000 -0.324609
-2.100000, 0.460000 -0.322427
-2.100000, 0.540000 -0.309221
-2.100000, 0.620000 -0.285307
-2.100000, 0.700000 -0.250959
-2.100000, 0.780000 -0.206386
-2.100000, 0.860000 -0.151742
-2.100000, 0.940000 -0.087176
-2.100000, 1.020000 -0.013153
-2.100000, 1.100000 0.069063
-2.100000, 1.180000 0.161173
-2.100000, 1.260000 0.264654
-2.100000, 1.340000 0.380116
-2.100000, 1.420000 0.507969
-2.100000, 1.500000 0.648542
-2.030000, -2.500000 2.663611
-2.030000, -2.420000 2.575509
-2.030000, -2.340000 2.487496
-2.030000, -2.260000 2.399150
-2.030000, -2.180000 2.310112
-2.030000, -2.100000 2.220099
-2.030000, -2.020000 2.128900
-2.030000, -1.940000 2.036382
-2.030000, -1.860000 1.942487
-2.030000, -1.780000 1.847225
-2.030000, -1.700000 1.750674
-2.030000, -1.620000 1.652971
-2.030000, -1.540000 1.554301
-2.030000, -1.460000 1.454893
-2.030000, -1.380000 1.355005
-2.030000, -1.300000 1.254922
-2.030000, -1.220000 1.154937
-2.030000, -1.140000 1.055349
-2.030000, -1.060000 0.956449
-2.030000, -0.980000 0.858507
-2.030000, -0.900000 0.761766
-2.030000, -0.820000 0.666434
-2.030000, -0.740000 0.572670
-2.030000, -0.660000 0.480591
-2.030000, -0.580000 0.390275
-2.030000, -0.500000 0.301781
-2.030000, -0.420000 0.215191
-2.030000, -0.340000 0.130672
-2.030000, -0.260000 0.048580
-2.030000, -0.180000 -0.030470
-2.030000, -0.100000 -0.103545
-2.030000, -0.020000 -0.167429
-2.030000, 0.060000 -0.220708
-2.030000, 0.140000 -0.262684
-2.030000, 0.220000 -0.293080
-2.030000, 0.300000 -0.311896
-2.030000, 0.380000 -0.319312
-2.030000, 0.460000 -0.315611
-2.030000, 0.540000 -0.301115
-2.030000, 0.620000 -0.276133
-2.030000, 0.700000 -0.240925
-2.030000, 0.780000 -0.195692
-2.030000, 0.860000 -0.140579
-2.030000, 0.940000 -0.075746
-2.030000, 1.020000 -0.001573
-2.030000, 1.100000 0.080685
-2.030000, 1.180000 0.173367
-2.030000, 1.260000 0.277564
-2.030000, 1.340000 0.393835
-2.030000, 1.420000 0.522561
-2.030000, 1.500000 0.664048
-1.960000, -2.500000 2.591263
-1.960000, -2.420000 2.506072
-1.960000, -2.340000 2.420904
-1.960000, -2.260000 2.335315
-1.960000, -2.180000 2.248935
-1.960000, -2.100000 2.161472
-1.960000, -2.020000 2.072711
-1.960000, -1.940000 1.982522
-1.960000, -1.860000 1.890854
-1.960000, -1.780000 1.797729
-1.960000, -1.700000 1.703239
-1.960000, -1.620000 1.607535
-1.960000, -1.540000 1.510820
-1.960000, -1.460000 1.413335
-1.960000, -1.380000 1.315354
-1.960000, -1.300000 1.217169
-1.960000, -1.220000 1.119081
-1.960000, -1.140000 1.021392
-1.960000, -1.060000 0.924389
-1.960000, -0.980000 0.828340
-1.960000, -0.900000 0.733478
-1.960000, -0.820000 0.639997
-1.960000, -0.740000 0.548044
-1.960000, -0.660000 0.457722
-1.960000, -0.580000 0.369099
-1.960000, -0.500000 0.282231
-1.960000, -0.420000 0.197211
-1.960000, -0.340000 0.114235
-1.960000, -0.260000 0.033716
-1.960000, -0.180000 -0.043491
-1.960000, -0.100000 -0.113842
-1.960000, -0.020000 -0.174556
-1.960000, 0.060000 -0.224517
-1.960000, 0.140000 -0.263214
-1.960000, 0.220000 -0.290497
-1.960000, 0.300000 -0.306447
-1.960000, 0.380000 -0.311288
-1.960000, 0.460000 -0.305323
-1.960000, 0.540000 -0.288876
-1.960000, 0.620000 -0.262249
-1.960000, 0.700000 -0.225692
-1.960000, 0.780000 -0.179388
-1.960000, 0.860000 -0.123468
-1.960000, 0.940000 -0.058082
-1.960000, 1.020000 0.016074
-1.960000, 1.100000 0.098735
-1.960000, 1.180000 0.192179
-1.960000, 1.260000 0.297288
-1.960000, 1.340000 0.414547
-1.960000, 1.420000 0.544303
-1.960000, 1.500000 0.686846
-1.890000, -2.500000 2.516174
-1.890000, -2.420000 2.433736
-1.890000, -2.340000 2.351251
-1.890000, -2.260000 2.268256
-1.890000, -2.180000 2.184366
-1.890000, -2.100000 2.099279
-1.890000, -2.020000 2.012777
-1.890000, -1.940000 1.924735
-1.890000, -1.860000 1.835108
-1.890000, -1.780000 1.743933
-1.890000, -1.700000 1.651318
-1.890000, -1.620000 1.557431
-1.890000, -1.540000 1.462492
-1.890000, -1.460000 1.366760
-1.890000, -1.380000 1.270522
-1.890000, -1.300000 1.174082
-1.890000, -1.220000 1.077749
-1.890000, -1.140000 0.981829
-1.890000, -1.060000 0.886613
-1.890000, -0.980000 0.792366
-1.890000, -0.900000 0.699318
-1.890000, -0.820000 0.607658
-1.890000, -0.740000 0.517527
-1.890000, -0.660000 0.429023
-1.890000, -0.580000 0.342213
-1.890000, -0.500000 0.257162
-1.890000, -0.420000 0.173983
-1.890000, -0.340000 0.092920
-1.890000, -0.260000 0.014490
-1.890000, -0.180000 -0.059998
-1.890000, -0.100000 -0.126570
-1.890000, -0.020000 -0.183089
-1.890000, 0.060000 -0.228737
-1.890000, 0.140000 -0.263212
-1.890000, 0.220000 -0.286499
-1.890000, 0.300000 -0.298765
-1.890000, 0.380000 -0.300285
-1.890000, 0.460000 -0.291383
-1.890000, 0.540000 -0.272391
-1.890000, 0.620000 -0.243605
-1.890000, 0.700000 -0.205262
-1.890000, 0.780000 -0.157528
-1.890000, 0.860000 -0.100521
-1.890000, 0.940000 -0.034419
-1.890000, 1.020000 0.039849
-1.890000, 1.100000 0.123246
-1.890000, 1.180000 0.217682
-1.890000, 1.260000 0.323902
-1.890000, 1.340000 0.442326
-1.890000, 1.420000 0.573273
-1.890000, 1.500000 0.717013
-1.820000, -2.500000 2.438148
-1.820000, -2.420000 2.358294
-1.820000, -2.340000 2.278325
-1.820000, -2.260000 2.197754
-1.820000, -2.180000 2.116178
-1.820000, -2.100000 2.033287
-1.820000, -2.020000 1.948860
-1.820000, -1.940000 1.862774
-1.820000, -1.860000 1.774999
-1.820000, -1.780000 1.685585
-1.820000, -1.700000 1.594658
-1.820000, -1.620000 1.502408
-1.820000, -1.540000 1.409075
-1.820000, -1.460000 1.314936
-1.820000, -1.380000 1.220294
-1.820000, -1.300000 1.125466
-1.820000, -1.220000 1.030771
-1.820000, -1.140000 0.936521
-1.820000, -1.060000 0.843013
-1.820000, -0.980000 0.750514
-1.820000, -0.900000 0.659257
-1.820000, -0.820000 0.569432
-1.820000, -0.740000 0.481184
-1.820000, -0.660000 0.394615
-1.820000, -0.580000 0.309802
-1.820000, -0.500000 0.226827
-1.820000, -0.420000 0.145845
-1.820000, -0.340000 0.067169
-1.820000, -0.260000 -0.008596
-1.820000, -0.180000 -0.079302
-1.820000, -0.100000 -0.140963
-1.820000, -0.020000 -0.192253
-1.820000, 0.060000 -0.232648
-1.820000, 0.140000 -0.262038
-1.820000, 0.220000 -0.280538
-1.820000, 0.300000 -0.288401
-1.820000, 0.380000 -0.285950
-1.820000, 0.460000 -0.273535
-1.820000, 0.540000 -0.251493
-1.820000, 0.620000 -0.220115
-1.820000, 0.700000 -0.179626
-1.820000, 0.780000 -0.130178
-1.820000, 0.860000 -0.071875
-1.820000, 0.940000 -0.005072
-1.820000, 1.020000 0.069575
-1.820000, 1.100000 0.154130
-1.820000, 1.180000 0.249887
-1.820000, 1.260000 0.357457
-1.820000, 1.340000 0.477239
-1.820000, 1.420000 0.609539
-1.820000, 1.500000 0.754619
-1.750000, -2.500000 2.357019
-1.750000, -2.420000 2.279576
-1.750000, -2.340000 2.201949
-1.750000, -2.260000 2.123626
-1.750000, -2.180000 2.044185
-1.750000, -2.100000 1.963305
-1.750000, -2.020000 1.880764
-1.750000, -1.940000 1.796445
-1.750000, -1.860000 1.710330
-1.750000, -1.780000 1.622489
-1.750000, -1.700000 1.533072
-1.750000, -1.620000 1.442290
-1.750000, -1.540000 1.350406
-1.750000, -1.460000 1.257720
-1.750000, -1.380000 1.164550
-1.750000, -1.300000 1.071229
-1.750000, -1.220000 0.978088
-1.750000, -1.140000 0.885449
-1.750000, -1.060000 0.793612
-1.750000, -0.980000 0.702856
-1.750000, -0.900000 0.613419
-1.750000, -0.820000 0.525501
-1.750000, -0.740000 0.439260
-1.750000, -0.660000 0.354810
-1.750000, -0.580000 0.272247
-1.750000, -0.500000 0.191689
-1.750000, -0.420000 0.113347
-1.750000, -0.340000 0.037651
-1.750000, -0.260000 -0.034687
-1.750000, -0.180000 -0.100186
-1.750000, -0.100000 -0.155936
-1.750000, -0.020000 -0.201063
-1.750000, 0.060000 -0.235362
-1.750000, 0.140000 -0.258912
-1.750000, 0.220000 -0.271952
-1.750000, 0.300000 -0.274810
-1.750000, 0.380000 -0.267857
-1.750000, 0.460000 -0.251463
-1.750000, 0.540000 -0.225971
-1.750000, 0.620000 -0.191665
-1.750000, 0.700000 -0.148759
-1.750000, 0.780000 -0.097394
-1.750000, 0.860000 -0.037725
-1.750000, 0.940000 0.029654
-1.750000, 1.020000 0.105407
-1.750000, 1.100000 0.191494
-1.750000, 1.180000 0.288851
-1.750000, 1.260000 0.398009
-1.750000, 1.340000 0.519345
-1.750000, 1.420000 0.653162
-1.750000, 1.500000 0.799726
-1.680000, -2.500000 2.272658
-1.680000, -2.420000 2.197448
-1.680000, -2.340000 2.121986
-1.680000, -2.260000 2.045731
-1.680000, -2.180000 1.968244
-1.680000, -2.100000 1.889188
-1.680000, -2.020000 1.808343
-1.680000, -1.940000 1.725601
-1.680000, -1.860000 1.640959
-1.680000, -1.780000 1.554512
-1.680000, -1.700000 1.466435
-1.680000, -1.620000 1.376967
-1.680000, -1.540000 1.286399
-1.680000, -1.460000 1.195051
-1.680000, -1.380000 1.103265
-1.680000, -1.300000 1.011387
-1.680000, -1.220000 0.919761
-1.680000, -1.140000 0.828720
-1.680000, -1.060000 0.738575
-1.680000, -0.980000 0.649613
-1.680000, -0.900000 0.562088
-1.680000, -0.820000 0.476216
-1.680000, -0.740000 0.392175
-1.680000, -0.660000 0.310107
-1.680000, -0.580000 0.230137
-1.680000, -0.500000 0.152425
-1.680000, -0.420000 0.077265
-1.680000, -0.340000 0.005150
-1.680000, -0.260000 -0.062511
-1.680000, -0.180000 -0.121500
-1.680000, -0.100000 -0.170269
-1.680000, -0.020000 -0.208379
-1.680000, 0.060000 -0.235857
-1.680000, 0.140000 -0.252943
-1.680000, 0.220000 -0.259984
-1.680000, 0.300000 -0.257374
-1.680000, 0.380000 -0.245518
-1.680000, 0.460000 -0.224806
-1.680000, 0.540000 -0.195582
-1.680000, 0.620000 -0.158124
-1.680000, 0.700000 -0.112637
-1.680000, 0.780000 -0.059260
-1.680000, 0.860000 0.001650
-1.680000, 0.940000 0.069876
-1.680000, 1.020000 0.147387
-1.680000, 1.100000 0.235407
-1.680000, 1.180000 0.334650
-1.680000, 1.260000 0.445623
-1.680000, 1.340000 0.568705
-1.680000, 1.420000 0.704202
-1.680000, 1.500000 0.852389
-1.610000, -2.500000 2.184974
-1.610000, -2.420000 2.111815
-1.610000, -2.340000 2.038339
-1.610000, -2.260000 1.963974
-1.610000, -2.180000 1.888256
-1.610000, -2.100000 1.810839
-1.610000, -2.020000 1.731503
-1.610000, -1.940000 1.650151
-1.610000, -1.860000 1.566803
-1.610000, -1.780000 1.481580
-1.610000, -1.700000 1.394691
-1.610000, -1.620000 1.306408
-1.610000, -1.540000 1.217050
-1.610000, -1.460000 1.126964
-1.610000, -1.380000 1.036513
-1.610000, -1.300000 0.946062
-1.610000, -1.220000 0.855968
-1.610000, -1.140000 0.766575
-1.610000, -1.060000 0.678206
-1.610000, -0.980000 0.591161
-1.610000, -0.900000 0.505713
-1.610000, -0.820000 0.422104
-1.610000, -0.740000 0.340542
-1.610000, -0.660000 0.261207
-1.610000, -0.580000 0.184270
-1.610000, -0.500000 0.109945
-1.610000, -0.420000 0.038621
-1.610000, -0.340000 -0.029171
-1.610000, -0.260000 -0.090256
-1.610000, -0.180000 -0.141656
-1.610000, -0.100000 -0.182564
-1.610000, -0.020000 -0.212937
-1.610000, 0.060000 -0.233014
-1.610000, 0.140000 -0.243166
-1.610000, 0.220000 -0.243823
-1.610000, 0.300000 -0.235428
-1.610000, 0.380000 -0.218415
-1.610000, 0.460000 -0.193181
-1.610000, 0.540000 -0.160073
-1.610000, 0.620000 -0.119365
-1.610000, 0.700000 -0.071234
-1.610000, 0.780000 -0.015884
-1.610000, 0.860000 0.046034
-1.610000, 0.940000 0.116099
-1.610000, 1.020000 0.195783
-1.610000, 1.100000 0.286006
-1.610000, 1.180000 0.387379
-1.610000, 1.260000 0.500378
-1.610000, 1.340000 0.625383
-1.610000, 1.420000 0.762715
-1.610000, 1.500000 0.912660
-1.540000, -2.500000 2.093917
-1.540000, -2.420000 2.022625
-1.540000, -2.340000 1.950955
-1.540000, -2.260000 1.878300
-1.540000, -2.180000 1.804171
-1.540000, -2.100000 1.728211
-1.540000, -2.020000 1.650201
-1.540000, -1.940000 1.570060
-1.540000, -1.860000 1.487837
-1.540000, -1.780000 1.403687
-1.540000, -1.700000 1.317857
-1.540000, -1.620000 1.230657
-1.540000, -1.540000 1.142441
-1.540000, -1.460000 1.053585
-1.540000, -1.380000 0.964476
-1.540000, -1.300000 0.875496
-1.540000, -1.220000 0.787016
-1.540000, -1.140000 0.699392
-1.540000, -1.060000 0.612960
-1.540000, -0.980000 0.528038
-1.540000, -0.900000 0.444919
-1.540000, -0.820000 0.363877
-1.540000, -0.740000 0.285163
-1.540000, -0.660000 0.209013
-1.540000, -0.580000 0.135656
-1.540000, -0.500000 0.065382
-1.540000, -0.420000 -0.001467
-1.540000, -0.340000 -0.063345
-1.540000, -0.260000 -0.116265
-1.540000, -0.180000 -0.158998
-1.540000, -0.100000 -0.191307
-1.540000, -0.020000 -0.213396
-1.540000, 0.060000 -0.225661
-1.540000, 0.140000 -0.228575
-1.540000, 0.220000 -0.222627
-1.540000, 0.300000 -0.208294
-1.540000, 0.380000 -0.186021
-1.540000, 0.460000 -0.156210
-1.540000, 0.540000 -0.119201
-1.540000, 0.620000 -0.075273
-1.540000, 0.700000 -0.024636
-1.540000, 0.780000 0.032141
-1.540000, 0.860000 0.095964
-1.540000, 0.940000 0.168515
-1.540000, 1.020000 0.250755
-1.540000, 1.100000 0.343438
-1.540000, 1.180000 0.447149
-1.540000, 1.260000 0.562356
-1.540000, 1.340000 0.689447
-1.540000, 1.420000 0.828758
-1.540000, 1.500000 0.980592
-1.470000, -2.500000 1.999479
-1.470000, -2.420000 1.929868
-1.470000, -2.340000 1.859826
-1.470000, -2.260000 1.788706
-1.470000, -2.180000 1.715990
-1.470000, -2.100000 1.641309
-1.470000, -2.020000 1.564450
-1.470000, -1.940000 1.485353
-1.470000, -1.860000 1.404101
-1.470000, -1.780000 1.320894
-1.470000, -1.700000 1.236023
-1.470000, -1.620000 1.149842
-1.470000, -1.540000 1.062746
-1.470000, -1.460000 0.975142
-1.470000, -1.380000 0.887442
-1.470000, -1.300000 0.800046
-1.470000, -1.220000 0.713339
-1.470000, -1.140000 0.627690
-1.470000, -1.060000 0.543448
-1.470000, -0.980000 0.460947
-1.470000, -0.900000 0.380509
-1.470000, -0.820000 0.302443
-1.470000, -0.740000 0.227056
-1.470000, -0.660000 0.154650
-1.470000, -0.580000 0.085544
-1.470000, -0.500000 0.020138
-1.470000, -0.420000 -0.041238
-1.470000, -0.340000 -0.094803
-1.470000, -0.260000 -0.138453
-1.470000, -0.180000 -0.171762
-1.470000, -0.100000 -0.194936
-1.470000, -0.020000 -0.208384
-1.470000, 0.060000 -0.212615
-1.470000, 0.140000 -0.208167
-1.470000, 0.220000 -0.195570
-1.470000, 0.300000 -0.175313
-1.470000, 0.380000 -0.147842
-1.470000, 0.460000 -0.113545
-1.470000, 0.540000 -0.072796
-1.470000, 0.620000 -0.025873
-1.470000, 0.700000 0.026701
-1.470000, 0.780000 0.085487
-1.470000, 0.860000 0.152076
-1.470000, 0.940000 0.227462
-1.470000, 1.020000 0.312495
-1.470000, 1.100000 0.407844
-1.470000, 1.180000 0.514071
-1.470000, 1.260000 0.631645
-1.470000, 1.340000 0.760967
-1.470000, 1.420000 0.902390
-1.470000, 1.500000 1.056231
-1.400000, -2.500000 1.901697
-1.400000, -2.420000 1.833583
-1.400000, -2.340000 1.764994
-1.400000, -2.260000 1.695239
-1.400000, -2.180000 1.623767
-1.400000, -2.100000 1.550196
-1.400000, -2.020000 1.474323
-1.400000, -1.940000 1.396117
-1.400000, -1.860000 1.315702
-1.400000, -1.780000 1.233333
-1.400000, -1.700000 1.149356
-1.400000, -1.620000 1.064177
-1.400000, -1.540000 0.978234
-1.400000, -1.460000 0.891969
-1.400000, -1.380000 0.805818
-1.400000, -1.300000 0.720201
-1.400000, -1.220000 0.635515
-1.400000, -1.140000 0.552141
-1.400000, -1.060000 0.470442
-1.400000, -0.980000 0.390773
-1.400000, -0.900000 0.313482
-1.400000, -0.820000 0.238924
-1.400000, -0.740000 0.167469
-1.400000, -0.660000 0.099492
-1.400000, -0.580000 0.035412
-1.400000, -0.500000 -0.024545
-1.400000, -0.420000 -0.077834
-1.400000, -0.340000 -0.121410
-1.400000, -0.260000 -0.154808
-1.400000, -0.180000 -0.178159
-1.400000, -0.100000 -0.191896
-1.400000, -0.020000 -0.196562
-1.400000, 0.060000 -0.192734
-1.400000, 0.140000 -0.180990
-1.400000, 0.220000 -0.161879
-1.400000, 0.300000 -0.135889
-1.400000, 0.380000 -0.103458
-1.400000, 0.460000 -0.064957
-1.400000, 0.540000 -0.020800
-1.400000, 0.620000 0.028407
-1.400000, 0.700000 0.083231
-1.400000, 0.780000 0.144981
-1.400000, 0.860000 0.214696
-1.400000, 0.940000 0.293184
-1.400000, 1.020000 0.381194
-1.400000, 1.100000 0.479368
-1.400000, 1.180000 0.588256
-1.400000, 1.260000 0.708334
-1.400000, 1.340000 0.840014
-1.400000, 1.420000 0.983666
-1.400000, 1.500000 1.139626
-1.330000, -2.500000 1.800658
-1.330000, -2.420000 1.733857
-1.330000, -2.340000 1.666552
-1.330000, -2.260000 1.597998
-1.330000, -2.180000 1.527610
-1.330000, -2.100000 1.454993
-1.330000, -2.020000 1.379955
-1.330000, -1.940000 1.302503
-1.330000, -1.860000 1.222818
-1.330000, -1.780000 1.141218
-1.330000, -1.700000 1.058115
-1.330000, -1.620000 0.973974
-1.330000, -1.540000 0.889282
-1.330000, -1.460000 0.804518
-1.330000, -1.380000 0.720142
-1.330000, -1.300000 0.636590
-1.330000, -1.220000 0.554273
-1.330000, -1.140000 0.473580
-1.330000, -1.060000 0.394893
-1.330000, -0.980000 0.318587
-1.330000, -0.900000 0.245045
-1.330000, -0.820000 0.174669
-1.330000, -0.740000 0.107892
-1.330000, -0.660000 0.045187
-1.330000, -0.580000 -0.013086
-1.330000, -0.500000 -0.065348
-1.330000, -0.420000 -0.108130
-1.330000, -0.340000 -0.140747
-1.330000, -0.260000 -0.163348
-1.330000, -0.180000 -0.176473
-1.330000, -0.100000 -0.180719
-1.330000, -0.020000 -0.176687
-1.330000, 0.060000 -0.164981
-1.330000, 0.140000 -0.146201
-1.330000, 0.220000 -0.120898
-1.330000, 0.300000 -0.089573
-1.330000, 0.380000 -0.052590
-1.330000, 0.460000 -0.010396
-1.330000, 0.540000 0.036147
-1.330000, 0.620000 0.087935
-1.330000, 0.700000 0.145985
-1.330000, 0.780000 0.211117
-1.330000, 0.860000 0.284169
-1.330000, 0.940000 0.365910
-1.330000, 1.020000 0.457030
-1.330000, 1.100000 0.558149
-1.330000, 1.180000 0.669815
-1.330000, 1.260000 0.792508
-1.330000, 1.340000 0.926655
-1.330000, 1.420000 1.072642
-1.330000, 1.500000 1.230821
-1.260000, -2.500000 1.696503
-1.260000, -2.420000 1.630831
-1.260000, -2.340000 1.564647
-1.260000, -2.260000 1.497142
-1.260000, -2.180000 1.427691
-1.260000, -2.100000 1.355883
-1.260000, -2.020000 1.281547
-1.260000, -1.940000 1.204737
-1.260000, -1.860000 1.125704
-1.260000, -1.780000 1.044845
-1.260000, -1.700000 0.962650
-1.260000, -1.620000 0.879652
-1.260000, -1.540000 0.796389
-1.260000, -1.460000 0.713376
-1.260000, -1.380000 0.631097
-1.260000, -1.300000 0.550002
-1.260000, -1.220000 0.470510
-1.260000, -1.140000 0.393025
-1.260000, -1.060000 0.317942
-1.260000, -0.980000 0.245668
-1.260000, -0.900000 0.176623
-1.260000, -0.820000 0.111276
-1.260000, -0.740000 0.050103
-1.260000, -0.660000 -0.006480
-1.260000, -0.580000 -0.057176
-1.260000, -0.500000 -0.098591
-1.260000, -0.420000 -0.129634
-1.260000, -0.340000 -0.150626
-1.260000, -0.260000 -0.162206
-1.260000, -0.180000 -0.165141
-1.260000, -0.100000 -0.160104
-1.260000, -0.020000 -0.147688
-1.260000, 0.060000 -0.128496
-1.260000, 0.140000 -0.103155
-1.260000, 0.220000 -0.072182
-1.260000, 0.300000 -0.036141
-1.260000, 0.380000 0.004445
-1.260000, 0.460000 0.049175
-1.260000, 0.540000 0.098767
-1.260000, 0.620000 0.153999
-1.260000, 0.700000 0.215566
-1.260000, 0.780000 0.284240
-1.260000, 0.860000 0.360761
-1.260000, 0.940000 0.445848
-1.260000, 1.020000 0.540166
-1.260000, 1.100000 0.644319
-1.260000, 1.180000 0.758851
-1.260000, 1.260000 0.884250
-1.260000, 1.340000 1.020957
-1.260000, 1.420000 1.169370
-1.260000, 1.500000 1.329859
-1.190000, -2.500000 1.589428
-1.190000, -2.420000 1.524705
-1.190000, -2.340000 1.459485
-1.190000, -2.260000 1.392890
-1.190000, -2.180000 1.324243
-1.190000, -2.100000 1.253120
-1.190000, -2.020000 1.179374
-1.190000, -1.940000 1.103122
-1.190000, -1.860000 1.024704
-1.190000, -1.780000 0.944612
-1.190000, -1.700000 0.863427
-1.190000, -1.620000 0.781757
-1.190000, -1.540000 0.700193
-1.190000, -1.460000 0.619286
-1.190000, -1.380000 0.539538
-1.190000, -1.300000 0.461409
-1.190000, -1.220000 0.385326
-1.190000, -1.140000 0.311704
-1.190000, -1.060000 0.240960
-1.190000, -0.980000 0.173535
-1.190000, -0.900000 0.109904
-1.190000, -0.820000 0.050583
-1.190000, -0.740000 -0.004165
-1.190000, -0.660000 -0.052923
-1.190000, -0.580000 -0.092217
-1.190000, -0.500000 -0.121159
-1.190000, -0.420000 -0.139876
-1.190000, -0.340000 -0.149084
-1.190000, -0.260000 -0.149765
-1.190000, -0.180000 -0.142861
-1.190000, -0.100000 -0.129020
-1.190000, -0.020000 -0.108761
-1.190000, 0.060000 -0.082722
-1.190000, 0.140000 -0.051515
-1.190000, 0.220000 -0.015766
-1.190000, 0.300000 0.023688
-1.190000, 0.380000 0.067084
-1.190000, 0.460000 0.115130
-1.190000, 0.540000 0.168269
-1.190000, 0.620000 0.227141
-1.190000, 0.700000 0.292369
-1.190000, 0.780000 0.364654
-1.190000, 0.860000 0.444698
-1.190000, 0.940000 0.533183
-1.190000, 1.020000 0.630750
-1.190000, 1.100000 0.737995
-1.190000, 1.180000 0.855460
-1.190000, 1.260000 0.983638
-1.190000, 1.340000 1.122981
-1.190000, 1.420000 1.273902
-1.190000, 1.500000 1.436782
-1.120000, -2.500000 1.479694
-1.120000, -2.420000 1.415738
-1.120000, -2.340000 1.351337
-1.120000, -2.260000 1.285529
-1.120000, -2.180000 1.217574
-1.120000, -2.100000 1.147033
-1.120000, -2.020000 1.073793
-1.120000, -1.940000 0.998053
-1.120000, -1.860000 0.920262
-1.120000, -1.780000 0.841030
-1.120000, -1.700000 0.761043
-1.120000, -1.620000 0.680986
-1.120000, -1.540000 0.601506
-1.120000, -1.460000 0.523182
-1.120000, -1.380000 0.446529
-1.120000, -1.300000 0.372011
-1.120000, -1.220000 0.300062
-1.120000, -1.140000 0.231108
-1.120000, -1.060000 0.165597
-1.120000, -0.980000 0.103993
-1.120000, -0.900000 0.046842
-1.120000, -0.820000 -0.005414
-1.120000, -0.740000 -0.051770
-1.120000, -0.660000 -0.088421
-1.120000, -0.580000 -0.114618
-1.120000, -0.500000 -0.130481
-1.120000, -0.420000 -0.136780
-1.120000, -0.340000 -0.134498
-1.120000, -0.260000 -0.124792
-1.120000, -0.180000 -0.108722
-1.120000, -0.100000 -0.086852
-1.120000, -0.020000 -0.059495
-1.120000, 0.060000 -0.027598
-1.120000, 0.140000 0.008038
-1.120000, 0.220000 0.047020
-1.120000, 0.300000 0.089771
-1.120000, 0.380000 0.136715
-1.120000, 0.460000 0.188381
-1.120000, 0.540000 0.245218
-1.120000, 0.620000 0.307783
-1.120000, 0.700000 0.376691
-1.120000, 0.780000 0.452598
-1.120000, 0.860000 0.536173
-1.120000, 0.940000 0.628069
-1.120000, 1.020000 0.728912
-1.120000, 1.100000 0.839284
-1.120000, 1.180000 0.959729
-1.120000, 1.260000 1.090743
-1.120000, 1.340000 1.232786
-1.120000, 1.420000 1.386283
-1.120000, 1.500000 1.551627
-1.050000, -2.500000 1.367636
-1.050000, -2.420000 1.304261
-1.050000, -2.340000 1.240544
-1.050000, -2.260000 1.175417
-1.050000, -2.180000 1.108067
-1.050000, -2.100000 1.038034
-1.050000, -2.020000 0.965253
-1.050000, -1.940000 0.890028
-1.050000, -1.860000 0.812944
-1.050000, -1.780000 0.734754
-1.050000, -1.700000 0.656258
-1.050000, -1.620000 0.578229
-1.050000, -1.540000 0.501356
-1.050000, -1.460000 0.426240
-1.050000, -1.380000 0.353399
-1.050000, -1.300000 0.283296
-1.050000, -1.220000 0.216372
-1.050000, -1.140000 0.153063
-1.050000, -1.060000 0.093861
-1.050000, -0.980000 0.039249
-1.050000, -0.900000 -0.010303
-1.050000, -0.820000 -0.053392
-1.050000, -0.740000 -0.086642
-1.050000, -0.660000 -0.109159
-1.050000, -0.580000 -0.121456
-1.050000, -0.500000 -0.124290
-1.050000, -0.420000 -0.118684
-1.050000, -0.340000 -0.105733
-1.050000, -0.260000 -0.086637
-1.050000, -0.180000 -0.062464
-1.050000, -0.100000 -0.033537
-1.050000, -0.020000 -0.000520
-1.050000, 0.060000 0.035411
-1.050000, 0.140000 0.074445
-1.050000, 0.220000 0.117007
-1.050000, 0.300000 0.163428
-1.050000, 0.380000 0.214093
-1.050000, 0.460000 0.269439
-1.050000, 0.540000 0.329962
-1.050000, 0.620000 0.396203
-1.050000, 0.700000 0.468758
-1.050000, 0.780000 0.548258
-1.050000, 0.860000 0.635341
-1.050000, 0.940000 0.730639
-1.050000, 1.020000 0.834760
-1.050000, 1.100000 0.948279
-1.050000, 1.180000 1.071734
-1.050000, 1.260000 1.205627
-1.050000, 1.340000 1.350423
-1.050000, 1.420000 1.506555
-1.050000, 1.500000 1.674430
-0.980000, -2.500000 1.253670
-0.980000, -2.420000 1.190683
-0.980000, -2.340000 1.127521
-0.980000, -2.260000 1.062994
-0.980000, -2.180000 0.996194
-0.980000, -2.100000 0.926634
-0.980000, -2.020000 0.854311
-0.980000, -1.940000 0.779666
-0.980000, -1.860000 0.703461
-0.980000, -1.780000 0.626611
-0.980000, -1.700000 0.550046
-0.980000, -1.620000 0.474617
-0.980000, -1.540000 0.401049
-0.980000, -1.460000 0.329946
-0.980000, -1.380000 0.261818
-0.980000, -1.300000 0.197127
-0.980000, -1.220000 0.136309
-0.980000, -1.140000 0.079851
-0.980000, -1.060000 0.028316
-0.980000, -0.980000 -0.018345
-0.980000, -0.900000 -0.057413
-0.980000, -0.820000 -0.086032
-0.980000, -0.740000 -0.103992
-0.980000, -0.660000 -0.111827
-0.980000, -0.580000 -0.110436
-0.980000, -0.500000 -0.100930
-0.980000, -0.420000 -0.084450
-0.980000, -0.340000 -0.062239
-0.980000, -0.260000 -0.035439
-0.980000, -0.180000 -0.004941
-0.980000, -0.100000 0.029301
-0.980000, -0.020000 0.066261
-0.980000, 0.060000 0.106004
-0.980000, 0.140000 0.148835
-0.980000, 0.220000 0.195153
-0.980000, 0.300000 0.245267
-0.980000, 0.380000 0.299593
-0.980000, 0.460000 0.358581
-0.980000, 0.540000 0.422732
-0.980000, 0.620000 0.492589
-0.980000, 0.700000 0.568733
-0.980000, 0.780000 0.651772
-0.980000, 0.860000 0.742322
-0.980000, 0.940000 0.840995
-0.980000, 1.020000 0.948384
-0.980000, 1.100000 1.065055
-0.980000, 1.180000 1.191542
-0.980000, 1.260000 1.328346
-0.980000, 1.340000 1.475938
-0.980000, 1.420000 1.634758
-0.980000, 1.500000 1.805221
-0.910000, -2.500000 1.138314
-0.910000, -2.420000 1.075502
-0.910000, -2.340000 1.012773
-0.910000, -2.260000 0.948791
-0.910000, -2.180000 0.882525
-0.910000, -2.100000 0.813451
-0.910000, -2.020000 0.741649
-0.910000, -1.940000 0.667743
-0.910000, -1.860000 0.592711
-0.910000, -1.780000 0.517661
-0.910000, -1.700000 0.443655
-0.910000, -1.620000 0.371609
-0.910000, -1.540000 0.302261
-0.910000, -1.460000 0.236200
-0.910000, -1.380000 0.173914
-0.910000, -1.300000 0.115876
-0.910000, -1.220000 0.062516
-0.910000, -1.140000 0.014249
-0.910000, -1.060000 -0.028479
-0.910000, -0.980000 -0.062559
-0.910000, -0.900000 -0.085668
-0.910000, -0.820000 -0.098150
-0.910000, -0.740000 -0.100601
-0.910000, -0.660000 -0.094223
-0.910000, -0.580000 -0.080129
-0.910000, -0.500000 -0.059747
-0.910000, -0.420000 -0.033977
-0.910000, -0.340000 -0.004208
-0.910000, -0.260000 0.027581
-0.910000, -0.180000 0.062670
-0.910000, -0.100000 0.100854
-0.910000, -0.020000 0.141699
-0.910000, 0.060000 0.185286
-0.910000, 0.140000 0.231864
-0.910000, 0.220000 0.281818
-0.910000, 0.300000 0.335530
-0.910000, 0.380000 0.393426
-0.910000, 0.460000 0.455971
-0.910000, 0.540000 0.523671
-0.910000, 0.620000 0.597065
-0.910000, 0.700000 0.676725
-0.910000, 0.780000 0.763239
-0.910000, 0.860000 0.857206
-0.910000, 0.940000 0.959219
-0.910000, 1.020000 1.069857
-0.910000, 1.100000 1.189676
-0.910000, 1.180000 1.319205
-0.910000, 1.260000 1.458946
-0.910000, 1.340000 1.609370
-0.910000, 1.420000 1.770925
-0.910000, 1.500000 1.944030
-0.840000, -2.500000 1.022211
-0.840000, -2.420000 0.959324
-0.840000, -2.340000 0.896904
-0.840000, -2.260000 0.833441
-0.840000, -2.180000 0.767746
-0.840000, -2.100000 0.699239
-0.840000, -2.020000 0.628109
-0.840000, -1.940000 0.555225
-0.840000, -1.860000 0.481843
-0.840000, -1.780000 0.409278
-0.840000, -1.700000 0.338713
-0.840000, -1.620000 0.271106
-0.840000, -1.540000 0.207175
-0.840000, -1.460000 0.147471
-0.840000, -1.380000 0.092458
-0.840000, -1.300000 0.042650
-0.840000, -1.220000 -0.002004
-0.840000, -1.140000 -0.039960
-0.840000, -1.060000 -0.067516
-0.840000, -0.980000 -0.084284
-0.840000, -0.900000 -0.090258
-0.840000, -0.820000 -0.086626
-0.840000, -0.740000 -0.074520
-0.840000, -0.660000 -0.055527
-0.840000, -0.580000 -0.030765
-0.840000, -0.500000 -0.001765
-0.840000, -0.420000 0.029756
-0.840000, -0.340000 0.063932
-0.840000, -0.260000 0.100578
-0.840000, -0.180000 0.139908
-0.840000, -0.100000 0.181865
-0.840000, -0.020000 0.226370
-0.840000, 0.060000 0.273555
-0.840000, 0.140000 0.323692
-0.840000, 0.220000 0.377150
-0.840000, 0.300000 0.434336
-0.840000, 0.380000 0.495693
-0.840000, 0.460000 0.561696
-0.840000, 0.540000 0.632853
-0.840000, 0.620000 0.709702
-0.840000, 0.700000 0.792800
-0.840000, 0.780000 0.882724
-0.840000, 0.860000 0.980054
-0.840000, 0.940000 1.085368
-0.840000, 1.020000 1.199231
-0.840000, 1.100000 1.322190
-0.840000, 1.180000 1.454769
-0.840000, 1.260000 1.597466
-0.840000, 1.340000 1.750754
-0.840000, 1.420000 1.915084
-0.840000, 1.500000 2.090881
-0.770000, -2.500000 0.906172
-0.770000, -2.420000 0.842896
-0.770000, -2.340000 0.780637
-0.770000, -2.260000 0.717695
-0.770000, -2.180000 0.652678
-0.770000, -2.100000 0.584915
-0.770000, -2.020000 0.514733
-0.770000, -1.940000 0.443345
-0.770000, -1.860000 0.372353
-0.770000, -1.780000 0.303279
-0.770000, -1.700000 0.237384
-0.770000, -1.620000 0.175628
-0.770000, -1.540000 0.118689
-0.770000, -1.460000 0.067045
-0.770000, -1.380000 0.020895
-0.770000, -1.300000 -0.019058
-0.770000, -1.220000 -0.050522
-0.770000, -1.140000 -0.070923
-0.770000, -1.060000 -0.080012
-0.770000, -0.980000 -0.078716
-0.770000, -0.900000 -0.068345
-0.770000, -0.820000 -0.050245
-0.770000, -0.740000 -0.026059
-0.770000, -0.660000 0.002451
-0.770000, -0.580000 0.033796
-0.770000, -0.500000 0.067594
-0.770000, -0.420000 0.103906
-0.770000, -0.340000 0.142582
-0.770000, -0.260000 0.183489
-0.770000, -0.180000 0.226719
-0.770000, -0.100000 0.272278
-0.770000, -0.020000 0.320252
-0.770000, 0.060000 0.370845
-0.770000, 0.140000 0.424362
-0.770000, 0.220000 0.481179
-0.770000, 0.300000 0.541715
-0.770000, 0.380000 0.606423
-0.770000, 0.460000 0.675786
-0.770000, 0.540000 0.750311
-0.770000, 0.620000 0.830530
-0.770000, 0.700000 0.916993
-0.770000, 0.780000 1.010262
-0.770000, 0.860000 1.110904
-0.770000, 0.940000 1.219480
-0.770000, 1.020000 1.336544
-0.770000, 1.100000 1.462634
-0.770000, 1.180000 1.598265
-0.770000, 1.260000 1.743936
-0.770000, 1.340000 1.900117
-0.770000, 1.420000 2.067261
-0.770000, 1.500000 2.245798
-0.700000, -2.500000 0.791242
-0.700000, -2.420000 0.727154
-0.700000, -2.340000 0.664845
-0.700000, -2.260000 0.602445
-0.700000, -2.180000 0.538309
-0.700000, -2.100000 0.471610
-0.700000, -2.020000 0.402841
-0.700000, -1.940000 0.333701
-0.700000, -1.860000 0.266247
-0.700000, -1.780000 0.202131
-0.700000, -1.700000 0.142614
-0.700000, -1.620000 0.088609
-0.700000, -1.540000 0.040696
-0.700000, -1.460000 -0.000945
-0.700000, -1.380000 -0.035362
-0.700000, -1.300000 -0.058628
-0.700000, -1.220000 -0.070370
-0.700000, -1.140000 -0.070795
-0.700000, -1.060000 -0.061721
-0.700000, -0.980000 -0.044090
-0.700000, -0.900000 -0.020173
-0.700000, -0.820000 0.008137
-0.700000, -0.740000 0.039642
-0.700000, -0.660000 0.073589
-0.700000, -0.580000 0.109877
-0.700000, -0.500000 0.148404
-0.700000, -0.420000 0.189009
-0.700000, -0.340000 0.231673
-0.700000, -0.260000 0.276351
-0.700000, -0.180000 0.323104
-0.700000, -0.100000 0.372023
-0.700000, -0.020000 0.423270
-0.700000, 0.060000 0.477098
-0.700000, 0.140000 0.533838
-0.700000, 0.220000 0.593878
-0.700000, 0.300000 0.657646
-0.700000, 0.380000 0.725603
-0.700000, 0.460000 0.798231
-0.700000, 0.540000 0.876040
-0.700000, 0.620000 0.959554
-0.700000, 0.700000 1.049314
-0.700000, 0.780000 1.145869
-0.700000, 0.860000 1.249774
-0.700000, 0.940000 1.361577
-0.700000, 1.020000 1.481820
-0.700000, 1.100000 1.611031
-0.700000, 1.180000 1.749720
-0.700000, 1.260000 1.898380
-0.700000, 1.340000 2.057482
-0.700000, 1.420000 2.227477
-0.700000, 1.500000 2.408799
-0.630000, -2.500000 0.678816
-0.630000, -2.420000 0.613319
-0.630000, -2.340000 0.550618
-0.630000, -2.260000 0.488748
-0.630000, -2.180000 0.425823
-0.630000, -2.100000 0.360756
-0.630000, -2.020000 0.294164
-0.630000, -1.940000 0.228457
-0.630000, -1.860000 0.166312
-0.630000, -1.780000 0.109306
-0.630000, -1.700000 0.058586
-0.630000, -1.620000 0.014508
-0.630000, -1.540000 -0.021886
-0.630000, -1.460000 -0.047682
-0.630000, -1.380000 -0.061623
-0.630000, -1.300000 -0.063181
-0.630000, -1.220000 -0.054683
-0.630000, -1.140000 -0.037048
-0.630000, -1.060000 -0.012797
-0.630000, -0.980000 0.015520
-0.630000, -0.900000 0.047217
-0.630000, -0.820000 0.081547
-0.630000, -0.740000 0.118257
-0.630000, -0.660000 0.157122
-0.630000, -0.580000 0.197874
-0.630000, -0.500000 0.240449
-0.630000, -0.420000 0.284815
-0.630000, -0.340000 0.330988
-0.630000, -0.260000 0.379007
-0.630000, -0.180000 0.428962
-0.630000, -0.100000 0.480997
-0.630000, -0.020000 0.535322
-0.630000, 0.060000 0.592220
-0.630000, 0.140000 0.652041
-0.630000, 0.220000 0.715181
-0.630000, 0.300000 0.782076
-0.630000, 0.380000 0.853186
-0.630000, 0.460000 0.928997
-0.630000, 0.540000 1.010013
-0.630000, 0.620000 1.096754
-0.630000, 0.700000 1.189750
-0.630000, 0.780000 1.289541
-0.630000, 0.860000 1.396668
-0.630000, 0.940000 1.511668
-0.630000, 1.020000 1.635072
-0.630000, 1.100000 1.767398
-0.630000, 1.180000 1.909151
-0.630000, 1.260000 2.060818
-0.630000, 1.340000 2.222867
-0.630000, 1.420000 2.395751
-0.630000, 1.500000 2.579904
-0.560000, -2.500000 0.570811
-0.560000, -2.420000 0.503081
-0.560000, -2.340000 0.439393
-0.560000, -2.260000 0.377890
-0.560000, -2.180000 0.316648
-0.560000, -2.100000 0.254237
-0.560000, -2.020000 0.191127
-0.560000, -1.940000 0.130724
-0.560000, -1.860000 0.076654
-0.560000, -1.780000 0.029639
-0.560000, -1.700000 -0.008983
-0.560000, -1.620000 -0.038065
-0.560000, -1.540000 -0.053700
-0.560000, -1.460000 -0.056046
-0.560000, -1.380000 -0.047188
-0.560000, -1.300000 -0.029094
-0.560000, -1.220000 -0.004196
-0.560000, -1.140000 0.024812
-0.560000, -1.060000 0.056878
-0.560000, -0.980000 0.091769
-0.560000, -0.900000 0.129072
-0.560000, -0.820000 0.168486
-0.560000, -0.740000 0.209761
-0.560000, -0.660000 0.252708
-0.560000, -0.580000 0.297229
-0.560000, -0.500000 0.343294
-0.560000, -0.420000 0.390936
-0.560000, -0.340000 0.440220
-0.560000, -0.260000 0.491236
-0.560000, -0.180000 0.544119
-0.560000, -0.100000 0.599052
-0.560000, -0.020000 0.656275
-0.560000, 0.060000 0.716095
-0.560000, 0.140000 0.778869
-0.560000, 0.220000 0.845001
-0.560000, 0.300000 0.914926
-0.560000, 0.380000 0.989108
-0.560000, 0.460000 1.068028
-0.560000, 0.540000 1.152187
-0.560000, 0.620000 1.242096
-0.560000, 0.700000 1.338279
-0.560000, 0.780000 1.441264
-0.560000, 0.860000 1.551579
-0.560000, 0.940000 1.669753
-0.560000, 1.020000 1.796305
-0.560000, 1.100000 1.931745
-0.560000, 1.180000 2.076570
-0.560000, 1.260000 2.231262
-0.560000, 1.340000 2.396289
-0.560000, 1.420000 2.572099
-0.560000, 1.500000 2.759127
-0.490000, -2.500000 0.469955
-0.490000, -2.420000 0.398928
-0.490000, -2.340000 0.333279
-0.490000, -2.260000 0.271554
-0.490000, -2.180000 0.212475
-0.490000, -2.100000 0.154658
-0.490000, -2.020000 0.097461
-0.490000, -1.940000 0.045507
-0.490000, -1.860000 0.003279
-0.490000, -1.780000 -0.028650
-0.490000, -1.700000 -0.045948
-0.490000, -1.620000 -0.049347
-0.490000, -1.540000 -0.039319
-0.490000, -1.460000 -0.020066
-0.490000, -1.380000 0.005739
-0.490000, -1.300000 0.035885
-0.490000, -1.220000 0.068778
-0.490000, -1.140000 0.104532
-0.490000, -1.060000 0.142658
-0.490000, -0.980000 0.182790
-0.490000, -0.900000 0.224733
-0.490000, -0.820000 0.268269
-0.490000, -0.740000 0.313271
-0.490000, -0.660000 0.359645
-0.490000, -0.580000 0.407361
-0.490000, -0.500000 0.456445
-0.490000, -0.420000 0.506968
-0.490000, -0.340000 0.559033
-0.490000, -0.260000 0.612775
-0.490000, -0.180000 0.668361
-0.490000, -0.100000 0.726006
-0.490000, -0.020000 0.785975
-0.490000, 0.060000 0.848585
-0.490000, 0.140000 0.914203
-0.490000, 0.220000 0.983231
-0.490000, 0.300000 1.056107
-0.490000, 0.380000 1.133290
-0.490000, 0.460000 1.215258
-0.490000, 0.540000 1.302506
-0.490000, 0.620000 1.395537
-0.490000, 0.700000 1.494867
-0.490000, 0.780000 1.601012
-0.490000, 0.860000 1.714493
-0.490000, 0.940000 1.835824
-0.490000, 1.020000 1.965518
-0.490000, 1.100000 2.104074
-0.490000, 1.180000 2.251985
-0.490000, 1.260000 2.409725
-0.490000, 1.340000 2.577759
-0.490000, 1.420000 2.756535
-0.490000, 1.500000 2.946487
-0.420000, -2.500000 0.380145
-0.420000, -2.420000 0.304708
-0.420000, -2.340000 0.235758
-0.420000, -2.260000 0.172500
-0.420000, -2.180000 0.115366
-0.420000, -2.100000 0.065988
-0.420000, -2.020000 0.019057
-0.420000, -1.940000 -0.018679
-0.420000, -1.860000 -0.038664
-0.420000, -1.780000 -0.042444
-0.420000, -1.700000 -0.030765
-0.420000, -1.620000 -0.009557
-0.420000, -1.540000 0.017219
-0.420000, -1.460000 0.048687
-0.420000, -1.380000 0.082963
-0.420000, -1.300000 0.119924
-0.420000, -1.220000 0.159144
-0.420000, -1.140000 0.200248
-0.420000, -1.060000 0.243043
-0.420000, -0.980000 0.287323
-0.420000, -0.900000 0.332962
-0.420000, -0.820000 0.379858
-0.420000, -0.740000 0.427951
-0.420000, -0.660000 0.477218
-0.420000, -0.580000 0.527682
-0.420000, -0.500000 0.579407
-0.420000, -0.420000 0.632497
-0.420000, -0.340000 0.687086
-0.420000, -0.260000 0.743338
-0.420000, -0.180000 0.801449
-0.420000, -0.100000 0.861658
-0.420000, -0.020000 0.924247
-0.420000, 0.060000 0.989541
-0.420000, 0.140000 1.057911
-0.420000, 0.220000 1.129760
-0.420000, 0.300000 1.205520
-0.420000, 0.380000 1.285648
-0.420000, 0.460000 1.370615
-0.420000, 0.540000 1.460909
-0.420000, 0.620000 1.557028
-0.420000, 0.700000 1.659475
-0.420000, 0.780000 1.768758
-0.420000, 0.860000 1.885388
-0.420000, 0.940000 2.009870
-0.420000, 1.020000 2.142705
-0.420000, 1.100000 2.284388
-0.420000, 1.180000 2.435401
-0.420000, 1.260000 2.596216
-0.420000, 1.340000 2.767292
-0.420000, 1.420000 2.949075
-0.420000, 1.500000 3.141999
-0.350000, -2.500000 0.306788
-0.350000, -2.420000 0.226465
-0.350000, -2.340000 0.152940
-0.350000, -2.260000 0.086641
-0.350000, -2.180000 0.029525
-0.350000, -2.100000 -0.005298
-0.350000, -2.020000 -0.028293
-0.350000, -1.940000 -0.033548
-0.350000, -1.860000 -0.021533
-0.350000, -1.780000 0.001949
-0.350000, -1.700000 0.030815
-0.350000, -1.620000 0.063539
-0.350000, -1.540000 0.099423
-0.350000, -1.460000 0.137891
-0.350000, -1.380000 0.178491
-0.350000, -1.300000 0.220842
-0.350000, -1.220000 0.264721
-0.350000, -1.140000 0.309948
-0.350000, -1.060000 0.356397
-0.350000, -0.980000 0.403974
-0.350000, -0.900000 0.452617
-0.350000, -0.820000 0.502293
-0.350000, -0.740000 0.552995
-0.350000, -0.660000 0.604751
-0.350000, -0.580000 0.657621
-0.350000, -0.500000 0.711701
-0.350000, -0.420000 0.767120
-0.350000, -0.340000 0.824035
-0.350000, -0.260000 0.882634
-0.350000, -0.180000 0.943136
-0.350000, -0.100000 1.005796
-0.350000, -0.020000 1.070908
-0.350000, 0.060000 1.138805
-0.350000, 0.140000 1.209857
-0.350000, 0.220000 1.284467
-0.350000, 0.300000 1.363062
-0.350000, 0.380000 1.446091
-0.350000, 0.460000 1.534022
-0.350000, 0.540000 1.627334
-0.350000, 0.620000 1.726515
-0.350000, 0.700000 1.832061
-0.350000, 0.780000 1.944471
-0.350000, 0.860000 2.064243
-0.350000, 0.940000 2.191876
-0.350000, 1.020000 2.327861
-0.350000, 1.100000 2.472685
-0.350000, 1.180000 2.626823
-0.350000, 1.260000 2.790743
-0.350000, 1.340000 2.964899
-0.350000, 1.420000 3.149734
-0.350000, 1.500000 3.345681
-0.280000, -2.500000 0.256612
-0.280000, -2.420000 0.173217
-0.280000, -2.340000 0.096021
-0.280000, -2.260000 0.025805
-0.280000, -2.180000 -0.025456
-0.280000, -2.100000 -0.025127
-0.280000, -2.020000 -0.007007
-0.280000, -1.940000 0.017395
-0.280000, -1.860000 0.047125
-0.280000, -1.780000 0.081018
-0.280000, -1.700000 0.118644
-0.280000, -1.620000 0.158633
-0.280000, -1.540000 0.200659
-0.280000, -1.460000 0.244399
-0.280000, -1.380000 0.289565
-0.280000, -1.300000 0.335953
-0.280000, -1.220000 0.383419
-0.280000, -1.140000 0.431872
-0.280000, -1.060000 0.481249
-0.280000, -0.980000 0.531516
-0.280000, -0.900000 0.582663
-0.280000, -0.820000 0.634700
-0.280000, -0.740000 0.687662
-0.280000, -0.660000 0.741613
-0.280000, -0.580000 0.796642
-0.280000, -0.500000 0.852869
-0.280000, -0.420000 0.910445
-0.280000, -0.340000 0.969546
-0.280000, -0.260000 1.030378
-0.280000, -0.180000 1.093175
-0.280000, -0.100000 1.158207
-0.280000, -0.020000 1.225775
-0.280000, 0.060000 1.296217
-0.280000, 0.140000 1.369904
-0.280000, 0.220000 1.447233
-0.280000, 0.300000 1.528628
-0.280000, 0.380000 1.614533
-0.280000, 0.460000 1.705405
-0.280000, 0.540000 1.801717
-0.280000, 0.620000 1.903948
-0.280000, 0.700000 2.012586
-0.280000, 0.780000 2.128118
-0.280000, 0.860000 2.251036
-0.280000, 0.940000 2.381829
-0.280000, 1.020000 2.520979
-0.280000, 1.100000 2.668965
-0.280000, 1.180000 2.826257
-0.280000, 1.260000 2.993316
-0.280000, 1.340000 3.170593
-0.280000, 1.420000 3.358528
-0.280000, 1.500000 3.557551
-0.210000, -2.500000 0.236034
-0.210000, -2.420000 0.155137
-0.210000, -2.340000 0.083256
-0.210000, -2.260000 0.026419
-0.210000, -2.180000 0.013298
-0.210000, -2.100000 0.033963
-0.210000, -2.020000 0.068629
-0.210000, -1.940000 0.104063
-0.210000, -1.860000 0.141858
-0.210000, -1.780000 0.182610
-0.210000, -1.700000 0.225833
-0.210000, -1.620000 0.270855
-0.210000, -1.540000 0.317296
-0.210000, -1.460000 0.364933
-0.210000, -1.380000 0.413583
-0.210000, -1.300000 0.463113
-0.210000, -1.220000 0.513440
-0.210000, -1.140000 0.564518
-0.210000, -1.060000 0.616327
-0.210000, -0.980000 0.668873
-0.210000, -0.900000 0.722180
-0.210000, -0.820000 0.776293
-0.210000, -0.740000 0.831279
-0.210000, -0.660000 0.887226
-0.210000, -0.580000 0.944248
-0.210000, -0.500000 1.002487
-0.210000, -0.420000 1.062108
-0.210000, -0.340000 1.123304
-0.210000, -0.260000 1.186296
-0.210000, -0.180000 1.251330
-0.210000, -0.100000 1.318685
-0.210000, -0.020000 1.388669
-0.210000, 0.060000 1.461624
-0.210000, 0.140000 1.537917
-0.210000, 0.220000 1.617943
-0.210000, 0.300000 1.702121
-0.210000, 0.380000 1.790886
-0.210000, 0.460000 1.884691
-0.210000, 0.540000 1.983998
-0.210000, 0.620000 2.089278
-0.210000, 0.700000 2.201010
-0.210000, 0.780000 2.319672
-0.210000, 0.860000 2.445748
-0.210000, 0.940000 2.579717
-0.210000, 1.020000 2.722054
-0.210000, 1.100000 2.873230
-0.210000, 1.180000 3.033709
-0.210000, 1.260000 3.203947
-0.210000, 1.340000 3.384391
-0.210000, 1.420000 3.575476
-0.210000, 1.500000 3.777631
-0.140000, -2.500000 0.248300
-0.140000, -2.420000 0.176581
-0.140000, -2.340000 0.120605
-0.140000, -2.260000 0.090610
-0.140000, -2.180000 0.097183
-0.140000, -2.100000 0.127154
-0.140000, -2.020000 0.167245
-0.140000, -1.940000 0.210059
-0.140000, -1.860000 0.254116
-0.140000, -1.780000 0.299939
-0.140000, -1.700000 0.347447
-0.140000, -1.620000 0.396290
-0.140000, -1.540000 0.446180
-0.140000, -1.460000 0.496931
-0.140000, -1.380000 0.548416
-0.140000, -1.300000 0.600550
-0.140000, -1.220000 0.653289
-0.140000, -1.140000 0.706617
-0.140000, -1.060000 0.760548
-0.140000, -0.980000 0.815115
-0.140000, -0.900000 0.870370
-0.140000, -0.820000 0.926385
-0.140000, -0.740000 0.983249
-0.140000, -0.660000 1.041074
-0.140000, -0.580000 1.099994
-0.140000, -0.500000 1.160167
-0.140000, -0.420000 1.221772
-0.140000, -0.340000 1.285017
-0.140000, -0.260000 1.350133
-0.140000, -0.180000 1.417378
-0.140000, -0.100000 1.487037
-0.140000, -0.020000 1.559423
-0.140000, 0.060000 1.634878
-0.140000, 0.140000 1.713770
-0.140000, 0.220000 1.796488
-0.140000, 0.300000 1.883447
-0.140000, 0.380000 1.975074
-0.140000, 0.460000 2.071815
-0.140000, 0.540000 2.174123
-0.140000, 0.620000 2.282462
-0.140000, 0.700000 2.397300
-0.140000, 0.780000 2.519109
-0.140000, 0.860000 2.648363
-0.140000, 0.940000 2.785532
-0.140000, 1.020000 2.931085
-0.140000, 1.100000 3.085485
-0.140000, 1.180000 3.249191
-0.140000, 1.260000 3.422652
-0.140000, 1.340000 3.606311
-0.140000, 1.420000 3.800601
-0.140000, 1.500000 4.005948
-0.070000, -2.500000 0.292188
-0.070000, -2.420000 0.233104
-0.070000, -2.340000 0.194329
-0.070000, -2.260000 0.182607
-0.070000, -2.180000 0.199553
-0.070000, -2.100000 0.235686
-0.070000, -2.020000 0.280714
-0.070000, -1.940000 0.328909
-0.070000, -1.860000 0.378238
-0.070000, -1.780000 0.428549
-0.070000, -1.700000 0.479859
-0.070000, -1.620000 0.532037
-0.070000, -1.540000 0.584924
-0.070000, -1.460000 0.638400
-0.070000, -1.380000 0.692386
-0.070000, -1.300000 0.746839
-0.070000, -1.220000 0.801746
-0.070000, -1.140000 0.857123
-0.070000, -1.060000 0.913008
-0.070000, -0.980000 0.969460
-0.070000, -0.900000 1.026553
-0.070000, -0.820000 1.084382
-0.070000, -0.740000 1.143057
-0.070000, -0.660000 1.202708
-0.070000, -0.580000 1.263487
-0.070000, -0.500000 1.325566
-0.070000, -0.420000 1.389139
-0.070000, -0.340000 1.454425
-0.070000, -0.260000 1.521663
-0.070000, -0.180000 1.591121
-0.070000, -0.100000 1.663089
-0.070000, -0.020000 1.737884
-0.070000, 0.060000 1.815849
-0.070000, 0.140000 1.897349
-0.070000, 0.220000 1.982772
-0.070000, 0.300000 2.072523
-0.070000, 0.380000 2.167027
-0.070000, 0.460000 2.266718
-0.070000, 0.540000 2.372045
-0.070000, 0.620000 2.483462
-0.070000, 0.700000 2.601430
-0.070000, 0.780000 2.726411
-0.070000, 0.860000 2.858870
-0.070000, 0.940000 2.999271
-0.070000, 1.020000 3.148075
-0.070000, 1.100000 3.305740
-0.070000, 1.180000 3.472716
-0.070000, 1.260000 3.649449
-0.070000, 1.340000 3.836377
-0.070000, 1.420000 4.033929
-0.070000, 1.500000 4.242529
0.000000, -2.500000 0.363689
0.000000, -2.420000 0.317200
0.000000, -2.340000 0.292415
0.000000, -2.260000 0.292528
0.000000, -2.180000 0.316187
0.000000, -2.100000 0.356378
0.000000, -2.020000 0.405255
0.000000, -1.940000 0.457733
0.000000, -1.860000 0.511501
0.000000, -1.780000 0.565892
0.000000, -1.700000 0.620783
0.000000, -1.620000 0.676117
0.000000, -1.540000 0.731833
0.000000, -1.460000 0.787879
0.000000, -1.380000 0.844229
0.000000, -1.300000 0.900881
0.000000, -1.220000 0.957858
0.000000, -1.140000 1.015204
0.000000, -1.060000 1.072981
0.000000, -0.980000 1.131271
0.000000, -0.900000 1.190170
0.000000, -0.820000 1.249793
0.000000, -0.740000 1.310270
0.000000, -0.660000 1.371748
0.000000, -0.580000 1.434393
0.000000, -0.500000 1.498393
0.000000, -0.420000 1.563952
0.000000, -0.340000 1.631300
0.000000, -0.260000 1.700686
0.000000, -0.180000 1.772383
0.000000, -0.100000 1.846688
0.000000, -0.020000 1.923920
0.000000, 0.060000 2.004422
0.000000, 0.140000 2.088557
0.000000, 0.220000 2.176709
0.000000, 0.300000 2.269279
0.000000, 0.380000 2.366685
0.000000, 0.460000 2.469355
0.000000, 0.540000 2.577729
0.000000, 0.620000 2.692253
0.000000, 0.700000 2.813380
0.000000, 0.780000 2.941566
0.000000, 0.860000 3.077266
0.000000, 0.940000 3.220938
0.000000, 1.020000 3.373036
0.000000, 1.100000 3.534009
0.000000, 1.180000 3.704305
0.000000, 1.260000 3.884363
0.000000, 1.340000 4.074616
0.000000, 1.420000 4.275492
0.000000, 1.500000 4.487409
