-0.284716, -2.223357
-0.293375, -2.228359
-0.276057, -2.218355
-0.359329, -2.092096
-0.368068, -2.096956
-0.350590, -2.087236
-0.431746, -1.959609
-0.440549, -1.964353
-0.422943, -1.954865
-0.502920, -1.826451
-0.511750, -1.831145
-0.494090, -1.821757
-0.573791, -1.693130
-0.582616, -1.697834
-0.564966, -1.688426
-0.645272, -1.560135
-0.654057, -1.564912
-0.636487, -1.555358
-0.718422, -1.428053
-0.727125, -1.432977
-0.709719, -1.423129
-0.794316, -1.297531
-0.802895, -1.302669
-0.785737, -1.292393
-0.873831, -1.169184
-0.882246, -1.174587
-0.865416, -1.163781
-0.957705, -1.043646
-0.965913, -1.049358
-0.949497, -1.037934
-1.046476, -0.921524
-1.054438, -0.927575
-1.038514, -0.915473
-1.140550, -0.803442
-1.148221, -0.809857
-1.132879, -0.797027
-1.240330, -0.690144
-1.247656, -0.696950
-1.233004, -0.683338
-1.346273, -0.582596
-1.353170, -0.589837
-1.339376, -0.575355
-1.459484, -0.482750
-1.465781, -0.490518
-1.453187, -0.474982
-1.581140, -0.393419
-1.586645, -0.401767
-1.575635, -0.385071
-1.711540, -0.317457
-1.716061, -0.326377
-1.707019, -0.308537
-1.850221, -0.258003
-1.853547, -0.267434
-1.846895, -0.248572
-1.995595, -0.217623
-1.997600, -0.227420
-1.993590, -0.207826
-2.145160, -0.197788
-2.145802, -0.207767
-2.144518, -0.187809
-2.296072, -0.196886
-2.295592, -0.206874
-2.296552, -0.186898
-2.446342, -0.211106
-2.444989, -0.221014
-2.447695, -0.201198
-2.595338, -0.235472
-2.593546, -0.245310
-2.597130, -0.225634
-2.743914, -0.262330
-2.742372, -0.272210
-2.745456, -0.252450
-2.894308, -0.268706
-2.895569, -0.278626
-2.893047, -0.258786
-3.031243, -0.210051
-3.037725, -0.217666
-3.024761, -0.202436
-3.111239, -0.084374
-3.120867, -0.087074
-3.101611, -0.081674
-3.125182, 0.065096
-3.135166, 0.065653
-3.115198, 0.064539
-3.102152, 0.214125
-3.111886, 0.216415
-3.092418, 0.211835
-3.057959, 0.358410
-3.067324, 0.361916
-3.048594, 0.354904
-2.997427, 0.496660
-3.006347, 0.501180
-2.988507, 0.492140
-2.920829, 0.626666
-2.929084, 0.632310
-2.912574, 0.621022
-2.826936, 0.744762
-2.834291, 0.751537
-2.819581, 0.737987
-2.716758, 0.847820
-2.723018, 0.855618
-2.710498, 0.840022
-2.591945, 0.932524
-2.596854, 0.941236
-2.587036, 0.923812
-2.454480, 0.994546
-2.457746, 1.003998
-2.451214, 0.985094
-2.308011, 1.030419
-2.309470, 1.040312
-2.306552, 1.020526
-2.157416, 1.037941
-2.156951, 1.047930
-2.157881, 1.027952
-2.008156, 1.016543
-2.005794, 1.026260
-2.010518, 1.006826
-1.865565, 0.967450
-1.861484, 0.976579
-1.869646, 0.958321
-1.733274, 0.894960
-1.727804, 0.903331
-1.738744, 0.886589
-1.613010, 0.803834
-1.606464, 0.811394
-1.619556, 0.796274
-1.504670, 0.698763
-1.497341, 0.705567
-1.511999, 0.691959
-1.407044, 0.583637
-1.399157, 0.589784
-1.414931, 0.577490
-1.318408, 0.461434
-1.310129, 0.467043
-1.326687, 0.455825
-1.237316, 0.334091
-1.228741, 0.339236
-1.245891, 0.328946
-1.162637, 0.202878
-1.153843, 0.207640
-1.171431, 0.198116
-1.093065, 0.068881
-1.084119, 0.073350
-1.102011, 0.064412
-1.027327, -0.067041
-1.018273, -0.062795
-1.036381, -0.071287
-0.904266, -0.342786
-0.895071, -0.338855
-0.913461, -0.346717
-0.845719, -0.481960
-0.836481, -0.478131
-0.854957, -0.485789
-0.788502, -0.621685
-0.779233, -0.617931
-0.797771, -0.625439
-0.732265, -0.761808
-0.722973, -0.758113
-0.741557, -0.765503
-0.676948, -0.902297
-0.667630, -0.898666
-0.686266, -0.905928
-0.622642, -1.043180
-0.613299, -1.039616
-0.631985, -1.046744
-0.569292, -1.184427
-0.559926, -1.180923
-0.578658, -1.187931
-0.516770, -1.325985
-0.507386, -1.322530
-0.526154, -1.329440
-0.464882, -1.467776
-0.455485, -1.464357
-0.474279, -1.471195
-0.413534, -1.609763
-0.404123, -1.606381
-0.422945, -1.613145
-0.362835, -1.751984
-0.353405, -1.748657
-0.372265, -1.755311
-0.313442, -1.894663
-0.303969, -1.891459
-0.322915, -1.897867
-0.266448, -2.038148
-0.256912, -2.035138
-0.275984, -2.041158
-0.222844, -2.182698
-0.213241, -2.179908
-0.232447, -2.185488
