-0.284716, -2.223357 0.000000
-0.293375, -2.228359 0.000000
-0.276057, -2.218355 0.000000
-0.284716, -2.223357 0.016129
-0.293375, -2.228359 0.016129
-0.276057, -2.218355 0.016129
-0.284716, -2.223357 0.032258
-0.293375, -2.228359 0.032258
-0.276057, -2.218355 0.032258
-0.284716, -2.223357 0.048387
-0.293375, -2.228359 0.048387
-0.276057, -2.218355 0.048387
-0.284716, -2.223357 0.064516
-0.293375, -2.228359 0.064516
-0.276057, -2.218355 0.064516
-0.284716, -2.223357 0.080645
-0.293375, -2.228359 0.080645
-0.276057, -2.218355 0.080645
-0.284716, -2.223357 0.096774
-0.293375, -2.228359 0.096774
-0.276057, -2.218355 0.096774
-0.284716, -2.223357 0.112903
-0.293375, -2.228359 0.112903
-0.276057, -2.218355 0.112903
-0.284716, -2.223357 0.129032
-0.293375, -2.228359 0.129032
-0.276057, -2.218355 0.129032
-0.284716, -2.223357 0.145161
-0.293375, -2.228359 0.145161
-0.276057, -2.218355 0.145161
-0.359329, -2.092096 0.000000
-0.368068, -2.096956 0.000000
-0.350590, -2.087236 0.000000
-0.359329, -2.092096 0.016129
-0.368068, -2.096956 0.016129
-0.350590, -2.087236 0.016129
-0.359329, -2.092096 0.032258
-0.368068, -2.096956 0.032258
-0.350590, -2.087236 0.032258
-0.359329, -2.092096 0.048387
-0.368068, -2.096956 0.048387
-0.350590, -2.087236 0.048387
-0.359329, -2.092096 0.064516
-0.368068, -2.096956 0.064516
-0.350590, -2.087236 0.064516
-0.359329, -2.092096 0.080645
-0.368068, -2.096956 0.080645
-0.350590, -2.087236 0.080645
-0.359329, -2.092096 0.096774
-0.368068, -2.096956 0.096774
-0.350590, -2.087236 0.096774
-0.359329, -2.092096 0.112903
-0.368068, -2.096956 0.112903
-0.350590, -2.087236 0.112903
-0.359329, -2.092096 0.129032
-0.368068, -2.096956 0.129032
-0.350590, -2.087236 0.129032
-0.359329, -2.092096 0.145161
-0.368068, -2.096956 0.145161
-0.350590, -2.087236 0.145161
-0.431746, -1.959609 0.000000
-0.440549, -1.964353 0.000000
-0.422943, -1.954865 0.000000
-0.431746, -1.959609 0.016129
-0.440549, -1.964353 0.016129
-0.422943, -1.954865 0.016129
-0.431746, -1.959609 0.032258
-0.440549, -1.964353 0.032258
-0.422943, -1.954865 0.032258
-0.431746, -1.959609 0.048387
-0.440549, -1.964353 0.048387
-0.422943, -1.954865 0.048387
-0.431746, -1.959609 0.064516
-0.440549, -1.964353 0.064516
-0.422943, -1.954865 0.064516
-0.431746, -1.959609 0.080645
-0.440549, -1.964353 0.080645
-0.422943, -1.954865 0.080645
-0.431746, -1.959609 0.096774
-0.440549, -1.964353 0.096774
-0.422943, -1.954865 0.096774
-0.431746, -1.959609 0.112903
-0.440549, -1.964353 0.112903
-0.422943, -1.954865 0.112903
-0.431746, -1.959609 0.129032
-0.440549, -1.964353 0.129032
-0.422943, -1.954865 0.129032
-0.431746, -1.959609 0.145161
-0.440549, -1.964353 0.145161
-0.422943, -1.954865 0.145161
-0.502920, -1.826451 0.000000
-0.511750, -1.831145 0.000000
-0.494090, -1.821757 0.000000
-0.502920, -1.826451 0.016129
-0.511750, -1.831145 0.016129
-0.494090, -1.821757 0.016129
-0.502920, -1.826451 0.032258
-0.511750, -1.831145 0.032258
-0.494090, -1.821757 0.032258
-0.502920, -1.826451 0.048387
-0.511750, -1.831145 0.048387
-0.494090, -1.821757 0.048387
-0.502920, -1.826451 0.064516
-0.511750, -1.831145 0.064516
-0.494090, -1.821757 0.064516
-0.502920, -1.826451 0.080645
-0.511750, -1.831145 0.080645
-0.494090, -1.821757 0.080645
-0.502920, -1.826451 0.096774
-0.511750, -1.831145 0.096774
-0.494090, -1.821757 0.096774
-0.502920, -1.826451 0.112903
-0.511750, -1.831145 0.112903
-0.494090, -1.821757 0.112903
-0.502920, -1.826451 0.129032
-0.511750, -1.831145 0.129032
-0.494090, -1.821757 0.129032
-0.502920, -1.826451 0.145161
-0.511750, -1.831145 0.145161
-0.494090, -1.821757 0.145161
-0.573791, -1.693130 0.000000
-0.582616, -1.697834 0.000000
-0.564966, -1.688426 0.000000
-0.573791, -1.693130 0.016129
-0.582616, -1.697834 0.016129
-0.564966, -1.688426 0.016129
-0.573791, -1.693130 0.032258
-0.582616, -1.697834 0.032258
-0.564966, -1.688426 0.032258
-0.573791, -1.693130 0.048387
-0.582616, -1.697834 0.048387
-0.564966, -1.688426 0.048387
-0.573791, -1.693130 0.064516
-0.582616, -1.697834 0.064516
-0.564966, -1.688426 0.064516
-0.573791, -1.693130 0.080645
-0.582616, -1.697834 0.080645
-0.564966, -1.688426 0.080645
-0.573791, -1.693130 0.096774
-0.582616, -1.697834 0.096774
-0.564966, -1.688426 0.096774
-0.573791, -1.693130 0.112903
-0.582616, -1.697834 0.112903
-0.564966, -1.688426 0.112903
-0.573791, -1.693130 0.129032
-0.582616, -1.697834 0.129032
-0.564966, -1.688426 0.129032
-0.573791, -1.693130 0.145161
-0.582616, -1.697834 0.145161
-0.564966, -1.688426 0.145161
-0.645272, -1.560135 0.000000
-0.654057, -1.564912 0.000000
-0.636487, -1.555358 0.000000
-0.645272, -1.560135 0.016129
-0.654057, -1.564912 0.016129
-0.636487, -1.555358 0.016129
-0.645272, -1.560135 0.032258
-0.654057, -1.564912 0.032258
-0.636487, -1.555358 0.032258
-0.645272, -1.560135 0.048387
-0.654057, -1.564912 0.048387
-0.636487, -1.555358 0.048387
-0.645272, -1.560135 0.064516
-0.654057, -1.564912 0.064516
-0.636487, -1.555358 0.064516
-0.645272, -1.560135 0.080645
-0.654057, -1.564912 0.080645
-0.636487, -1.555358 0.080645
-0.645272, -1.560135 0.096774
-0.654057, -1.564912 0.096774
-0.636487, -1.555358 0.096774
-0.645272, -1.560135 0.112903
-0.654057, -1.564912 0.112903
-0.636487, -1.555358 0.112903
-0.645272, -1.560135 0.129032
-0.654057, -1.564912 0.129032
-0.636487, -1.555358 0.129032
-0.645272, -1.560135 0.145161
-0.654057, -1.564912 0.145161
-0.636487, -1.555358 0.145161
-0.718422, -1.428053 0.000000
-0.727125, -1.432977 0.000000
-0.709719, -1.423129 0.000000
-0.718422, -1.428053 0.016129
-0.727125, -1.432977 0.016129
-0.709719, -1.423129 0.016129
-0.718422, -1.428053 0.032258
-0.727125, -1.432977 0.032258
-0.709719, -1.423129 0.032258
-0.718422, -1.428053 0.048387
-0.727125, -1.432977 0.048387
-0.709719, -1.423129 0.048387
-0.718422, -1.428053 0.064516
-0.727125, -1.432977 0.064516
-0.709719, -1.423129 0.064516
-0.718422, -1.428053 0.080645
-0.727125, -1.432977 0.080645
-0.709719, -1.423129 0.080645
-0.718422, -1.428053 0.096774
-0.727125, -1.432977 0.096774
-0.709719, -1.423129 0.096774
-0.718422, -1.428053 0.112903
-0.727125, -1.432977 0.112903
-0.709719, -1.423129 0.112903
-0.718422, -1.428053 0.129032
-0.727125, -1.432977 0.129032
-0.709719, -1.423129 0.129032
-0.718422, -1.428053 0.145161
-0.727125, -1.432977 0.145161
-0.709719, -1.423129 0.145161
-0.794316, -1.297531 0.000000
-0.802895, -1.302669 0.000000
-0.785737, -1.292393 0.000000
-0.794316, -1.297531 0.016129
-0.802895, -1.302669 0.016129
-0.785737, -1.292393 0.016129
-0.794316, -1.297531 0.032258
-0.802895, -1.302669 0.032258
-0.785737, -1.292393 0.032258
-0.794316, -1.297531 0.048387
-0.802895, -1.302669 0.048387
-0.785737, -1.292393 0.048387
-0.794316, -1.297531 0.064516
-0.802895, -1.302669 0.064516
-0.785737, -1.292393 0.064516
-0.794316, -1.297531 0.080645
-0.802895, -1.302669 0.080645
-0.785737, -1.292393 0.080645
-0.794316, -1.297531 0.096774
-0.802895, -1.302669 0.096774
-0.785737, -1.292393 0.096774
-0.794316, -1.297531 0.112903
-0.802895, -1.302669 0.112903
-0.785737, -1.292393 0.112903
-0.794316, -1.297531 0.129032
-0.802895, -1.302669 0.129032
-0.785737, -1.292393 0.129032
-0.794316, -1.297531 0.145161
-0.802895, -1.302669 0.145161
-0.785737, -1.292393 0.145161
-0.873831, -1.169184 0.000000
-0.882246, -1.174587 0.000000
-0.865416, -1.163781 0.000000
-0.873831, -1.169184 0.016129
-0.882246, -1.174587 0.016129
-0.865416, -1.163781 0.016129
-0.873831, -1.169184 0.032258
-0.882246, -1.174587 0.032258
-0.865416, -1.163781 0.032258
-0.873831, -1.169184 0.048387
-0.882246, -1.174587 0.048387
-0.865416, -1.163781 0.048387
-0.873831, -1.169184 0.064516
-0.882246, -1.174587 0.064516
-0.865416, -1.163781 0.064516
-0.873831, -1.169184 0.080645
-0.882246, -1.174587 0.080645
-0.865416, -1.163781 0.080645
-0.873831, -1.169184 0.096774
-0.882246, -1.174587 0.096774
-0.865416, -1.163781 0.096774
-0.873831, -1.169184 0.112903
-0.882246, -1.174587 0.112903
-0.865416, -1.163781 0.112903
-0.873831, -1.169184 0.129032
-0.882246, -1.174587 0.129032
-0.865416, -1.163781 0.129032
-0.873831, -1.169184 0.145161
-0.882246, -1.174587 0.145161
-0.865416, -1.163781 0.145161
-0.957705, -1.043646 0.000000
-0.965913, -1.049358 0.000000
-0.949497, -1.037934 0.000000
-0.957705, -1.043646 0.016129
-0.965913, -1.049358 0.016129
-0.949497, -1.037934 0.016129
-0.957705, -1.043646 0.032258
-0.965913, -1.049358 0.032258
-0.949497, -1.037934 0.032258
-0.957705, -1.043646 0.048387
-0.965913, -1.049358 0.048387
-0.949497, -1.037934 0.048387
-0.957705, -1.043646 0.064516
-0.965913, -1.049358 0.064516
-0.949497, -1.037934 0.064516
-0.957705, -1.043646 0.080645
-0.965913, -1.049358 0.080645
-0.949497, -1.037934 0.080645
-0.957705, -1.043646 0.096774
-0.965913, -1.049358 0.096774
-0.949497, -1.037934 0.096774
-0.957705, -1.043646 0.112903
-0.965913, -1.049358 0.112903
-0.949497, -1.037934 0.112903
-0.957705, -1.043646 0.129032
-0.965913, -1.049358 0.129032
-0.949497, -1.037934 0.129032
-0.957705, -1.043646 0.145161
-0.965913, -1.049358 0.145161
-0.949497, -1.037934 0.145161
-1.046476, -0.921524 0.000000
-1.054438, -0.927575 0.000000
-1.038514, -0.915473 0.000000
-1.046476, -0.921524 0.016129
-1.054438, -0.927575 0.016129
-1.038514, -0.915473 0.016129
-1.046476, -0.921524 0.032258
-1.054438, -0.927575 0.032258
-1.038514, -0.915473 0.032258
-1.046476, -0.921524 0.048387
-1.054438, -0.927575 0.048387
-1.038514, -0.915473 0.048387
-1.046476, -0.921524 0.064516
-1.054438, -0.927575 0.064516
-1.038514, -0.915473 0.064516
-1.046476, -0.921524 0.080645
-1.054438, -0.927575 0.080645
-1.038514, -0.915473 0.080645
-1.046476, -0.921524 0.096774
-1.054438, -0.927575 0.096774
-1.038514, -0.915473 0.096774
-1.046476, -0.921524 0.112903
-1.054438, -0.927575 0.112903
-1.038514, -0.915473 0.112903
-1.046476, -0.921524 0.129032
-1.054438, -0.927575 0.129032
-1.038514, -0.915473 0.129032
-1.046476, -0.921524 0.145161
-1.054438, -0.927575 0.145161
-1.038514, -0.915473 0.145161
-1.140550, -0.803442 0.000000
-1.148221, -0.809857 0.000000
-1.132879, -0.797027 0.000000
-1.140550, -0.803442 0.016129
-1.148221, -0.809857 0.016129
-1.132879, -0.797027 0.016129
-1.140550, -0.803442 0.032258
-1.148221, -0.809857 0.032258
-1.132879, -0.797027 0.032258
-1.140550, -0.803442 0.048387
-1.148221, -0.809857 0.048387
-1.132879, -0.797027 0.048387
-1.140550, -0.803442 0.064516
-1.148221, -0.809857 0.064516
-1.132879, -0.797027 0.064516
-1.140550, -0.803442 0.080645
-1.148221, -0.809857 0.080645
-1.132879, -0.797027 0.080645
-1.140550, -0.803442 0.096774
-1.148221, -0.809857 0.096774
-1.132879, -0.797027 0.096774
-1.140550, -0.803442 0.112903
-1.148221, -0.809857 0.112903
-1.132879, -0.797027 0.112903
-1.140550, -0.803442 0.129032
-1.148221, -0.809857 0.129032
-1.132879, -0.797027 0.129032
-1.140550, -0.803442 0.145161
-1.148221, -0.809857 0.145161
-1.132879, -0.797027 0.145161
-1.240330, -0.690144 0.000000
-1.247656, -0.696950 0.000000
-1.233004, -0.683338 0.000000
-1.240330, -0.690144 0.016129
-1.247656, -0.696950 0.016129
-1.233004, -0.683338 0.016129
-1.240330, -0.690144 0.032258
-1.247656, -0.696950 0.032258
-1.233004, -0.683338 0.032258
-1.240330, -0.690144 0.048387
-1.247656, -0.696950 0.048387
-1.233004, -0.683338 0.048387
-1.240330, -0.690144 0.064516
-1.247656, -0.696950 0.064516
-1.233004, -0.683338 0.064516
-1.240330, -0.690144 0.080645
-1.247656, -0.696950 0.080645
-1.233004, -0.683338 0.080645
-1.240330, -0.690144 0.096774
-1.247656, -0.696950 0.096774
-1.233004, -0.683338 0.096774
-1.240330, -0.690144 0.112903
-1.247656, -0.696950 0.112903
-1.233004, -0.683338 0.112903
-1.240330, -0.690144 0.129032
-1.247656, -0.696950 0.129032
-1.233004, -0.683338 0.129032
-1.240330, -0.690144 0.145161
-1.247656, -0.696950 0.145161
-1.233004, -0.683338 0.145161
-1.346273, -0.582596 0.000000
-1.353170, -0.589837 0.000000
-1.339376, -0.575355 0.000000
-1.346273, -0.582596 0.016129
-1.353170, -0.589837 0.016129
-1.339376, -0.575355 0.016129
-1.346273, -0.582596 0.032258
-1.353170, -0.589837 0.032258
-1.339376, -0.575355 0.032258
-1.346273, -0.582596 0.048387
-1.353170, -0.589837 0.048387
-1.339376, -0.575355 0.048387
-1.346273, -0.582596 0.064516
-1.353170, -0.589837 0.064516
-1.339376, -0.575355 0.064516
-1.346273, -0.582596 0.080645
-1.353170, -0.589837 0.080645
-1.339376, -0.575355 0.080645
-1.346273, -0.582596 0.096774
-1.353170, -0.589837 0.096774
-1.339376, -0.575355 0.096774
-1.346273, -0.582596 0.112903
-1.353170, -0.589837 0.112903
-1.339376, -0.575355 0.112903
-1.346273, -0.582596 0.129032
-1.353170, -0.589837 0.129032
-1.339376, -0.575355 0.129032
-1.346273, -0.582596 0.145161
-1.353170, -0.589837 0.145161
-1.339376, -0.575355 0.145161
-1.459484, -0.482750 0.000000
-1.465781, -0.490518 0.000000
-1.453187, -0.474982 0.000000
-1.459484, -0.482750 0.016129
-1.465781, -0.490518 0.016129
-1.453187, -0.474982 0.016129
-1.459484, -0.482750 0.032258
-1.465781, -0.490518 0.032258
-1.453187, -0.474982 0.032258
-1.459484, -0.482750 0.048387
-1.465781, -0.490518 0.048387
-1.453187, -0.474982 0.048387
-1.459484, -0.482750 0.064516
-1.465781, -0.490518 0.064516
-1.453187, -0.474982 0.064516
-1.459484, -0.482750 0.080645
-1.465781, -0.490518 0.080645
-1.453187, -0.474982 0.080645
-1.459484, -0.482750 0.096774
-1.465781, -0.490518 0.096774
-1.453187, -0.474982 0.096774
-1.459484, -0.482750 0.112903
-1.465781, -0.490518 0.112903
-1.453187, -0.474982 0.112903
-1.459484, -0.482750 0.129032
-1.465781, -0.490518 0.129032
-1.453187, -0.474982 0.129032
-1.459484, -0.482750 0.145161
-1.465781, -0.490518 0.145161
-1.453187, -0.474982 0.145161
-1.581140, -0.393419 0.000000
-1.586645, -0.401767 0.000000
-1.575635, -0.385071 0.000000
-1.581140, -0.393419 0.016129
-1.586645, -0.401767 0.016129
-1.575635, -0.385071 0.016129
-1.581140, -0.393419 0.032258
-1.586645, -0.401767 0.032258
-1.575635, -0.385071 0.032258
-1.581140, -0.393419 0.048387
-1.586645, -0.401767 0.048387
-1.575635, -0.385071 0.048387
-1.581140, -0.393419 0.064516
-1.586645, -0.401767 0.064516
-1.575635, -0.385071 0.064516
-1.581140, -0.393419 0.080645
-1.586645, -0.401767 0.080645
-1.575635, -0.385071 0.080645
-1.581140, -0.393419 0.096774
-1.586645, -0.401767 0.096774
-1.575635, -0.385071 0.096774
-1.581140, -0.393419 0.112903
-1.586645, -0.401767 0.112903
-1.575635, -0.385071 0.112903
-1.581140, -0.393419 0.129032
-1.586645, -0.401767 0.129032
-1.575635, -0.385071 0.129032
-1.581140, -0.393419 0.145161
-1.586645, -0.401767 0.145161
-1.575635, -0.385071 0.145161
-1.711540, -0.317457 0.000000
-1.716061, -0.326377 0.000000
-1.707019, -0.308537 0.000000
-1.711540, -0.317457 0.016129
-1.716061, -0.326377 0.016129
-1.707019, -0.308537 0.016129
-1.711540, -0.317457 0.032258
-1.716061, -0.326377 0.032258
-1.707019, -0.308537 0.032258
-1.711540, -0.317457 0.048387
-1.716061, -0.326377 0.048387
-1.707019, -0.308537 0.048387
-1.711540, -0.317457 0.064516
-1.716061, -0.326377 0.064516
-1.707019, -0.308537 0.064516
-1.711540, -0.317457 0.080645
-1.716061, -0.326377 0.080645
-1.707019, -0.308537 0.080645
-1.711540, -0.317457 0.096774
-1.716061, -0.326377 0.096774
-1.707019, -0.308537 0.096774
-1.711540, -0.317457 0.112903
-1.716061, -0.326377 0.112903
-1.707019, -0.308537 0.112903
-1.711540, -0.317457 0.129032
-1.716061, -0.326377 0.129032
-1.707019, -0.308537 0.129032
-1.711540, -0.317457 0.145161
-1.716061, -0.326377 0.145161
-1.707019, -0.308537 0.145161
-1.850221, -0.258003 0.000000
-1.853547, -0.267434 0.000000
-1.846895, -0.248572 0.000000
-1.850221, -0.258003 0.016129
-1.853547, -0.267434 0.016129
-1.846895, -0.248572 0.016129
-1.850221, -0.258003 0.032258
-1.853547, -0.267434 0.032258
-1.846895, -0.248572 0.032258
-1.850221, -0.258003 0.048387
-1.853547, -0.267434 0.048387
-1.846895, -0.248572 0.048387
-1.850221, -0.258003 0.064516
-1.853547, -0.267434 0.064516
-1.846895, -0.248572 0.064516
-1.850221, -0.258003 0.080645
-1.853547, -0.267434 0.080645
-1.846895, -0.248572 0.080645
-1.850221, -0.258003 0.096774
-1.853547, -0.267434 0.096774
-1.846895, -0.248572 0.096774
-1.850221, -0.258003 0.112903
-1.853547, -0.267434 0.112903
-1.846895, -0.248572 0.112903
-1.850221, -0.258003 0.129032
-1.853547, -0.267434 0.129032
-1.846895, -0.248572 0.129032
-1.850221, -0.258003 0.145161
-1.853547, -0.267434 0.145161
-1.846895, -0.248572 0.145161
-1.995595, -0.217623 0.000000
-1.997600, -0.227420 0.000000
-1.993590, -0.207826 0.000000
-1.995595, -0.217623 0.016129
-1.997600, -0.227420 0.016129
-1.993590, -0.207826 0.016129
-1.995595, -0.217623 0.032258
-1.997600, -0.227420 0.032258
-1.993590, -0.207826 0.032258
-1.995595, -0.217623 0.048387
-1.997600, -0.227420 0.048387
-1.993590, -0.207826 0.048387
-1.995595, -0.217623 0.064516
-1.997600, -0.227420 0.064516
-1.993590, -0.207826 0.064516
-1.995595, -0.217623 0.080645
-1.997600, -0.227420 0.080645
-1.993590, -0.207826 0.080645
-1.995595, -0.217623 0.096774
-1.997600, -0.227420 0.096774
-1.993590, -0.207826 0.096774
-1.995595, -0.217623 0.112903
-1.997600, -0.227420 0.112903
-1.993590, -0.207826 0.112903
-1.995595, -0.217623 0.129032
-1.997600, -0.227420 0.129032
-1.993590, -0.207826 0.129032
-1.995595, -0.217623 0.145161
-1.997600, -0.227420 0.145161
-1.993590, -0.207826 0.145161
-2.145160, -0.197788 0.000000
-2.145802, -0.207767 0.000000
-2.144518, -0.187809 0.000000
-2.145160, -0.197788 0.016129
-2.145802, -0.207767 0.016129
-2.144518, -0.187809 0.016129
-2.145160, -0.197788 0.032258
-2.145802, -0.207767 0.032258
-2.144518, -0.187809 0.032258
-2.145160, -0.197788 0.048387
-2.145802, -0.207767 0.048387
-2.144518, -0.187809 0.048387
-2.145160, -0.197788 0.064516
-2.145802, -0.207767 0.064516
-2.144518, -0.187809 0.064516
-2.145160, -0.197788 0.080645
-2.145802, -0.207767 0.080645
-2.144518, -0.187809 0.080645
-2.145160, -0.197788 0.096774
-2.145802, -0.207767 0.096774
-2.144518, -0.187809 0.096774
-2.145160, -0.197788 0.112903
-2.145802, -0.207767 0.112903
-2.144518, -0.187809 0.112903
-2.145160, -0.197788 0.129032
-2.145802, -0.207767 0.129032
-2.144518, -0.187809 0.129032
-2.145160, -0.197788 0.145161
-2.145802, -0.207767 0.145161
-2.144518, -0.187809 0.145161
-2.296072, -0.196886 0.000000
-2.295592, -0.206874 0.000000
-2.296552, -0.186898 0.000000
-2.296072, -0.196886 0.016129
-2.295592, -0.206874 0.016129
-2.296552, -0.186898 0.016129
-2.296072, -0.196886 0.032258
-2.295592, -0.206874 0.032258
-2.296552, -0.186898 0.032258
-2.296072, -0.196886 0.048387
-2.295592, -0.206874 0.048387
-2.296552, -0.186898 0.048387
-2.296072, -0.196886 0.064516
-2.295592, -0.206874 0.064516
-2.296552, -0.186898 0.064516
-2.296072, -0.196886 0.080645
-2.295592, -0.206874 0.080645
-2.296552, -0.186898 0.080645
-2.296072, -0.196886 0.096774
-2.295592, -0.206874 0.096774
-2.296552, -0.186898 0.096774
-2.296072, -0.196886 0.112903
-2.295592, -0.206874 0.112903
-2.296552, -0.186898 0.112903
-2.296072, -0.196886 0.129032
-2.295592, -0.206874 0.129032
-2.296552, -0.186898 0.129032
-2.296072, -0.196886 0.145161
-2.295592, -0.206874 0.145161
-2.296552, -0.186898 0.145161
-2.446342, -0.211106 0.000000
-2.444989, -0.221014 0.000000
-2.447695, -0.201198 0.000000
-2.446342, -0.211106 0.016129
-2.444989, -0.221014 0.016129
-2.447695, -0.201198 0.016129
-2.446342, -0.211106 0.032258
-2.444989, -0.221014 0.032258
-2.447695, -0.201198 0.032258
-2.446342, -0.211106 0.048387
-2.444989, -0.221014 0.048387
-2.447695, -0.201198 0.048387
-2.446342, -0.211106 0.064516
-2.444989, -0.221014 0.064516
-2.447695, -0.201198 0.064516
-2.446342, -0.211106 0.080645
-2.444989, -0.221014 0.080645
-2.447695, -0.201198 0.080645
-2.446342, -0.211106 0.096774
-2.444989, -0.221014 0.096774
-2.447695, -0.201198 0.096774
-2.446342, -0.211106 0.112903
-2.444989, -0.221014 0.112903
-2.447695, -0.201198 0.112903
-2.446342, -0.211106 0.129032
-2.444989, -0.221014 0.129032
-2.447695, -0.201198 0.129032
-2.446342, -0.211106 0.145161
-2.444989, -0.221014 0.145161
-2.447695, -0.201198 0.145161
-2.595338, -0.235472 0.000000
-2.593546, -0.245310 0.000000
-2.597130, -0.225634 0.000000
-2.595338, -0.235472 0.016129
-2.593546, -0.245310 0.016129
-2.597130, -0.225634 0.016129
-2.595338, -0.235472 0.032258
-2.593546, -0.245310 0.032258
-2.597130, -0.225634 0.032258
-2.595338, -0.235472 0.048387
-2.593546, -0.245310 0.048387
-2.597130, -0.225634 0.048387
-2.595338, -0.235472 0.064516
-2.593546, -0.245310 0.064516
-2.597130, -0.225634 0.064516
-2.595338, -0.235472 0.080645
-2.593546, -0.245310 0.080645
-2.597130, -0.225634 0.080645
-2.595338, -0.235472 0.096774
-2.593546, -0.245310 0.096774
-2.597130, -0.225634 0.096774
-2.595338, -0.235472 0.112903
-2.593546, -0.245310 0.112903
-2.597130, -0.225634 0.112903
-2.595338, -0.235472 0.129032
-2.593546, -0.245310 0.129032
-2.597130, -0.225634 0.129032
-2.595338, -0.235472 0.145161
-2.593546, -0.245310 0.145161
-2.597130, -0.225634 0.145161
-2.743914, -0.262330 0.000000
-2.742372, -0.272210 0.000000
-2.745456, -0.252450 0.000000
-2.743914, -0.262330 0.016129
-2.742372, -0.272210 0.016129
-2.745456, -0.252450 0.016129
-2.743914, -0.262330 0.032258
-2.742372, -0.272210 0.032258
-2.745456, -0.252450 0.032258
-2.743914, -0.262330 0.048387
-2.742372, -0.272210 0.048387
-2.745456, -0.252450 0.048387
-2.743914, -0.262330 0.064516
-2.742372, -0.272210 0.064516
-2.745456, -0.252450 0.064516
-2.743914, -0.262330 0.080645
-2.742372, -0.272210 0.080645
-2.745456, -0.252450 0.080645
-2.743914, -0.262330 0.096774
-2.742372, -0.272210 0.096774
-2.745456, -0.252450 0.096774
-2.743914, -0.262330 0.112903
-2.742372, -0.272210 0.112903
-2.745456, -0.252450 0.112903
-2.743914, -0.262330 0.129032
-2.742372, -0.272210 0.129032
-2.745456, -0.252450 0.129032
-2.743914, -0.262330 0.145161
-2.742372, -0.272210 0.145161
-2.745456, -0.252450 0.145161
-2.894308, -0.268706 0.000000
-2.895569, -0.278626 0.000000
-2.893047, -0.258786 0.000000
-2.894308, -0.268706 0.016129
-2.895569, -0.278626 0.016129
-2.893047, -0.258786 0.016129
-2.894308, -0.268706 0.032258
-2.895569, -0.278626 0.032258
-2.893047, -0.258786 0.032258
-2.894308, -0.268706 0.048387
-2.895569, -0.278626 0.048387
-2.893047, -0.258786 0.048387
-2.894308, -0.268706 0.064516
-2.895569, -0.278626 0.064516
-2.893047, -0.258786 0.064516
-2.894308, -0.268706 0.080645
-2.895569, -0.278626 0.080645
-2.893047, -0.258786 0.080645
-2.894308, -0.268706 0.096774
-2.895569, -0.278626 0.096774
-2.893047, -0.258786 0.096774
-2.894308, -0.268706 0.112903
-2.895569, -0.278626 0.112903
-2.893047, -0.258786 0.112903
-2.894308, -0.268706 0.129032
-2.895569, -0.278626 0.129032
-2.893047, -0.258786 0.129032
-2.894308, -0.268706 0.145161
-2.895569, -0.278626 0.145161
-2.893047, -0.258786 0.145161
-3.031243, -0.210051 0.000000
-3.037725, -0.217666 0.000000
-3.024761, -0.202436 0.000000
-3.031243, -0.210051 0.016129
-3.037725, -0.217666 0.016129
-3.024761, -0.202436 0.016129
-3.031243, -0.210051 0.032258
-3.037725, -0.217666 0.032258
-3.024761, -0.202436 0.032258
-3.031243, -0.210051 0.048387
-3.037725, -0.217666 0.048387
-3.024761, -0.202436 0.048387
-3.031243, -0.210051 0.064516
-3.037725, -0.217666 0.064516
-3.024761, -0.202436 0.064516
-3.031243, -0.210051 0.080645
-3.037725, -0.217666 0.080645
-3.024761, -0.202436 0.080645
-3.031243, -0.210051 0.096774
-3.037725, -0.217666 0.096774
-3.024761, -0.202436 0.096774
-3.031243, -0.210051 0.112903
-3.037725, -0.217666 0.112903
-3.024761, -0.202436 0.112903
-3.031243, -0.210051 0.129032
-3.037725, -0.217666 0.129032
-3.024761, -0.202436 0.129032
-3.031243, -0.210051 0.145161
-3.037725, -0.217666 0.145161
-3.024761, -0.202436 0.145161
-3.111239, -0.084374 0.000000
-3.120867, -0.087074 0.000000
-3.101611, -0.081674 0.000000
-3.111239, -0.084374 0.016129
-3.120867, -0.087074 0.016129
-3.101611, -0.081674 0.016129
-3.111239, -0.084374 0.032258
-3.120867, -0.087074 0.032258
-3.101611, -0.081674 0.032258
-3.111239, -0.084374 0.048387
-3.120867, -0.087074 0.048387
-3.101611, -0.081674 0.048387
-3.111239, -0.084374 0.064516
-3.120867, -0.087074 0.064516
-3.101611, -0.081674 0.064516
-3.111239, -0.084374 0.080645
-3.120867, -0.087074 0.080645
-3.101611, -0.081674 0.080645
-3.111239, -0.084374 0.096774
-3.120867, -0.087074 0.096774
-3.101611, -0.081674 0.096774
-3.111239, -0.084374 0.112903
-3.120867, -0.087074 0.112903
-3.101611, -0.081674 0.112903
-3.111239, -0.084374 0.129032
-3.120867, -0.087074 0.129032
-3.101611, -0.081674 0.129032
-3.111239, -0.084374 0.145161
-3.120867, -0.087074 0.145161
-3.101611, -0.081674 0.145161
-3.125182, 0.065096 0.000000
-3.135166, 0.065653 0.000000
-3.115198, 0.064539 0.000000
-3.125182, 0.065096 0.016129
-3.135166, 0.065653 0.016129
-3.115198, 0.064539 0.016129
-3.125182, 0.065096 0.032258
-3.135166, 0.065653 0.032258
-3.115198, 0.064539 0.032258
-3.125182, 0.065096 0.048387
-3.135166, 0.065653 0.048387
-3.115198, 0.064539 0.048387
-3.125182, 0.065096 0.064516
-3.135166, 0.065653 0.064516
-3.115198, 0.064539 0.064516
-3.125182, 0.065096 0.080645
-3.135166, 0.065653 0.080645
-3.115198, 0.064539 0.080645
-3.125182, 0.065096 0.096774
-3.135166, 0.065653 0.096774
-3.115198, 0.064539 0.096774
-3.125182, 0.065096 0.112903
-3.135166, 0.065653 0.112903
-3.115198, 0.064539 0.112903
-3.125182, 0.065096 0.129032
-3.135166, 0.065653 0.129032
-3.115198, 0.064539 0.129032
-3.125182, 0.065096 0.145161
-3.135166, 0.065653 0.145161
-3.115198, 0.064539 0.145161
-3.102152, 0.214125 0.000000
-3.111886, 0.216415 0.000000
-3.092418, 0.211835 0.000000
-3.102152, 0.214125 0.016129
-3.111886, 0.216415 0.016129
-3.092418, 0.211835 0.016129
-3.102152, 0.214125 0.032258
-3.111886, 0.216415 0.032258
-3.092418, 0.211835 0.032258
-3.102152, 0.214125 0.048387
-3.111886, 0.216415 0.048387
-3.092418, 0.211835 0.048387
-3.102152, 0.214125 0.064516
-3.111886, 0.216415 0.064516
-3.092418, 0.211835 0.064516
-3.102152, 0.214125 0.080645
-3.111886, 0.216415 0.080645
-3.092418, 0.211835 0.080645
-3.102152, 0.214125 0.096774
-3.111886, 0.216415 0.096774
-3.092418, 0.211835 0.096774
-3.102152, 0.214125 0.112903
-3.111886, 0.216415 0.112903
-3.092418, 0.211835 0.112903
-3.102152, 0.214125 0.129032
-3.111886, 0.216415 0.129032
-3.092418, 0.211835 0.129032
-3.102152, 0.214125 0.145161
-3.111886, 0.216415 0.145161
-3.092418, 0.211835 0.145161
-3.057959, 0.358410 0.000000
-3.067324, 0.361916 0.000000
-3.048594, 0.354904 0.000000
-3.057959, 0.358410 0.016129
-3.067324, 0.361916 0.016129
-3.048594, 0.354904 0.016129
-3.057959, 0.358410 0.032258
-3.067324, 0.361916 0.032258
-3.048594, 0.354904 0.032258
-3.057959, 0.358410 0.048387
-3.067324, 0.361916 0.048387
-3.048594, 0.354904 0.048387
-3.057959, 0.358410 0.064516
-3.067324, 0.361916 0.064516
-3.048594, 0.354904 0.064516
-3.057959, 0.358410 0.080645
-3.067324, 0.361916 0.080645
-3.048594, 0.354904 0.080645
-3.057959, 0.358410 0.096774
-3.067324, 0.361916 0.096774
-3.048594, 0.354904 0.096774
-3.057959, 0.358410 0.112903
-3.067324, 0.361916 0.112903
-3.048594, 0.354904 0.112903
-3.057959, 0.358410 0.129032
-3.067324, 0.361916 0.129032
-3.048594, 0.354904 0.129032
-3.057959, 0.358410 0.145161
-3.067324, 0.361916 0.145161
-3.048594, 0.354904 0.145161
-2.997427, 0.496660 0.000000
-3.006347, 0.501180 0.000000
-2.988507, 0.492140 0.000000
-2.997427, 0.496660 0.016129
-3.006347, 0.501180 0.016129
-2.988507, 0.492140 0.016129
-2.997427, 0.496660 0.032258
-3.006347, 0.501180 0.032258
-2.988507, 0.492140 0.032258
-2.997427, 0.496660 0.048387
-3.006347, 0.501180 0.048387
-2.988507, 0.492140 0.048387
-2.997427, 0.496660 0.064516
-3.006347, 0.501180 0.064516
-2.988507, 0.492140 0.064516
-2.997427, 0.496660 0.080645
-3.006347, 0.501180 0.080645
-2.988507, 0.492140 0.080645
-2.997427, 0.496660 0.096774
-3.006347, 0.501180 0.096774
-2.988507, 0.492140 0.096774
-2.997427, 0.496660 0.112903
-3.006347, 0.501180 0.112903
-2.988507, 0.492140 0.112903
-2.997427, 0.496660 0.129032
-3.006347, 0.501180 0.129032
-2.988507, 0.492140 0.129032
-2.997427, 0.496660 0.145161
-3.006347, 0.501180 0.145161
-2.988507, 0.492140 0.145161
-2.920829, 0.626666 0.000000
-2.929084, 0.632310 0.000000
-2.912574, 0.621022 0.000000
-2.920829, 0.626666 0.016129
-2.929084, 0.632310 0.016129
-2.912574, 0.621022 0.016129
-2.920829, 0.626666 0.032258
-2.929084, 0.632310 0.032258
-2.912574, 0.621022 0.032258
-2.920829, 0.626666 0.048387
-2.929084, 0.632310 0.048387
-2.912574, 0.621022 0.048387
-2.920829, 0.626666 0.064516
-2.929084, 0.632310 0.064516
-2.912574, 0.621022 0.064516
-2.920829, 0.626666 0.080645
-2.929084, 0.632310 0.080645
-2.912574, 0.621022 0.080645
-2.920829, 0.626666 0.096774
-2.929084, 0.632310 0.096774
-2.912574, 0.621022 0.096774
-2.920829, 0.626666 0.112903
-2.929084, 0.632310 0.112903
-2.912574, 0.621022 0.112903
-2.920829, 0.626666 0.129032
-2.929084, 0.632310 0.129032
-2.912574, 0.621022 0.129032
-2.920829, 0.626666 0.145161
-2.929084, 0.632310 0.145161
-2.912574, 0.621022 0.145161
-2.826936, 0.744762 0.000000
-2.834291, 0.751537 0.000000
-2.819581, 0.737987 0.000000
-2.826936, 0.744762 0.016129
-2.834291, 0.751537 0.016129
-2.819581, 0.737987 0.016129
-2.826936, 0.744762 0.032258
-2.834291, 0.751537 0.032258
-2.819581, 0.737987 0.032258
-2.826936, 0.744762 0.048387
-2.834291, 0.751537 0.048387
-2.819581, 0.737987 0.048387
-2.826936, 0.744762 0.064516
-2.834291, 0.751537 0.064516
-2.819581, 0.737987 0.064516
-2.826936, 0.744762 0.080645
-2.834291, 0.751537 0.080645
-2.819581, 0.737987 0.080645
-2.826936, 0.744762 0.096774
-2.834291, 0.751537 0.096774
-2.819581, 0.737987 0.096774
-2.826936, 0.744762 0.112903
-2.834291, 0.751537 0.112903
-2.819581, 0.737987 0.112903
-2.826936, 0.744762 0.129032
-2.834291, 0.751537 0.129032
-2.819581, 0.737987 0.129032
-2.826936, 0.744762 0.145161
-2.834291, 0.751537 0.145161
-2.819581, 0.737987 0.145161
-2.716758, 0.847820 0.000000
-2.723018, 0.855618 0.000000
-2.710498, 0.840022 0.000000
-2.716758, 0.847820 0.016129
-2.723018, 0.855618 0.016129
-2.710498, 0.840022 0.016129
-2.716758, 0.847820 0.032258
-2.723018, 0.855618 0.032258
-2.710498, 0.840022 0.032258
-2.716758, 0.847820 0.048387
-2.723018, 0.855618 0.048387
-2.710498, 0.840022 0.048387
-2.716758, 0.847820 0.064516
-2.723018, 0.855618 0.064516
-2.710498, 0.840022 0.064516
-2.716758, 0.847820 0.080645
-2.723018, 0.855618 0.080645
-2.710498, 0.840022 0.080645
-2.716758, 0.847820 0.096774
-2.723018, 0.855618 0.096774
-2.710498, 0.840022 0.096774
-2.716758, 0.847820 0.112903
-2.723018, 0.855618 0.112903
-2.710498, 0.840022 0.112903
-2.716758, 0.847820 0.129032
-2.723018, 0.855618 0.129032
-2.710498, 0.840022 0.129032
-2.716758, 0.847820 0.145161
-2.723018, 0.855618 0.145161
-2.710498, 0.840022 0.145161
-2.591945, 0.932524 0.000000
-2.596854, 0.941236 0.000000
-2.587036, 0.923812 0.000000
-2.591945, 0.932524 0.016129
-2.596854, 0.941236 0.016129
-2.587036, 0.923812 0.016129
-2.591945, 0.932524 0.032258
-2.596854, 0.941236 0.032258
-2.587036, 0.923812 0.032258
-2.591945, 0.932524 0.048387
-2.596854, 0.941236 0.048387
-2.587036, 0.923812 0.048387
-2.591945, 0.932524 0.064516
-2.596854, 0.941236 0.064516
-2.587036, 0.923812 0.064516
-2.591945, 0.932524 0.080645
-2.596854, 0.941236 0.080645
-2.587036, 0.923812 0.080645
-2.591945, 0.932524 0.096774
-2.596854, 0.941236 0.096774
-2.587036, 0.923812 0.096774
-2.591945, 0.932524 0.112903
-2.596854, 0.941236 0.112903
-2.587036, 0.923812 0.112903
-2.591945, 0.932524 0.129032
-2.596854, 0.941236 0.129032
-2.587036, 0.923812 0.129032
-2.591945, 0.932524 0.145161
-2.596854, 0.941236 0.145161
-2.587036, 0.923812 0.145161
-2.454480, 0.994546 0.000000
-2.457746, 1.003998 0.000000
-2.451214, 0.985094 0.000000
-2.454480, 0.994546 0.016129
-2.457746, 1.003998 0.016129
-2.451214, 0.985094 0.016129
-2.454480, 0.994546 0.032258
-2.457746, 1.003998 0.032258
-2.451214, 0.985094 0.032258
-2.454480, 0.994546 0.048387
-2.457746, 1.003998 0.048387
-2.451214, 0.985094 0.048387
-2.454480, 0.994546 0.064516
-2.457746, 1.003998 0.064516
-2.451214, 0.985094 0.064516
-2.454480, 0.994546 0.080645
-2.457746, 1.003998 0.080645
-2.451214, 0.985094 0.080645
-2.454480, 0.994546 0.096774
-2.457746, 1.003998 0.096774
-2.451214, 0.985094 0.096774
-2.454480, 0.994546 0.112903
-2.457746, 1.003998 0.112903
-2.451214, 0.985094 0.112903
-2.454480, 0.994546 0.129032
-2.457746, 1.003998 0.129032
-2.451214, 0.985094 0.129032
-2.454480, 0.994546 0.145161
-2.457746, 1.003998 0.145161
-2.451214, 0.985094 0.145161
-2.308011, 1.030419 0.000000
-2.309470, 1.040312 0.000000
-2.306552, 1.020526 0.000000
-2.308011, 1.030419 0.016129
-2.309470, 1.040312 0.016129
-2.306552, 1.020526 0.016129
-2.308011, 1.030419 0.032258
-2.309470, 1.040312 0.032258
-2.306552, 1.020526 0.032258
-2.308011, 1.030419 0.048387
-2.309470, 1.040312 0.048387
-2.306552, 1.020526 0.048387
-2.308011, 1.030419 0.064516
-2.309470, 1.040312 0.064516
-2.306552, 1.020526 0.064516
-2.308011, 1.030419 0.080645
-2.309470, 1.040312 0.080645
-2.306552, 1.020526 0.080645
-2.308011, 1.030419 0.096774
-2.309470, 1.040312 0.096774
-2.306552, 1.020526 0.096774
-2.308011, 1.030419 0.112903
-2.309470, 1.040312 0.112903
-2.306552, 1.020526 0.112903
-2.308011, 1.030419 0.129032
-2.309470, 1.040312 0.129032
-2.306552, 1.020526 0.129032
-2.308011, 1.030419 0.145161
-2.309470, 1.040312 0.145161
-2.306552, 1.020526 0.145161
-2.157416, 1.037941 0.000000
-2.156951, 1.047930 0.000000
-2.157881, 1.027952 0.000000
-2.157416, 1.037941 0.016129
-2.156951, 1.047930 0.016129
-2.157881, 1.027952 0.016129
-2.157416, 1.037941 0.032258
-2.156951, 1.047930 0.032258
-2.157881, 1.027952 0.032258
-2.157416, 1.037941 0.048387
-2.156951, 1.047930 0.048387
-2.157881, 1.027952 0.048387
-2.157416, 1.037941 0.064516
-2.156951, 1.047930 0.064516
-2.157881, 1.027952 0.064516
-2.157416, 1.037941 0.080645
-2.156951, 1.047930 0.080645
-2.157881, 1.027952 0.080645
-2.157416, 1.037941 0.096774
-2.156951, 1.047930 0.096774
-2.157881, 1.027952 0.096774
-2.157416, 1.037941 0.112903
-2.156951, 1.047930 0.112903
-2.157881, 1.027952 0.112903
-2.157416, 1.037941 0.129032
-2.156951, 1.047930 0.129032
-2.157881, 1.027952 0.129032
-2.157416, 1.037941 0.145161
-2.156951, 1.047930 0.145161
-2.157881, 1.027952 0.145161
-2.008156, 1.016543 0.000000
-2.005794, 1.026260 0.000000
-2.010518, 1.006826 0.000000
-2.008156, 1.016543 0.016129
-2.005794, 1.026260 0.016129
-2.010518, 1.006826 0.016129
-2.008156, 1.016543 0.032258
-2.005794, 1.026260 0.032258
-2.010518, 1.006826 0.032258
-2.008156, 1.016543 0.048387
-2.005794, 1.026260 0.048387
-2.010518, 1.006826 0.048387
-2.008156, 1.016543 0.064516
-2.005794, 1.026260 0.064516
-2.010518, 1.006826 0.064516
-2.008156, 1.016543 0.080645
-2.005794, 1.026260 0.080645
-2.010518, 1.006826 0.080645
-2.008156, 1.016543 0.096774
-2.005794, 1.026260 0.096774
-2.010518, 1.006826 0.096774
-2.008156, 1.016543 0.112903
-2.005794, 1.026260 0.112903
-2.010518, 1.006826 0.112903
-2.008156, 1.016543 0.129032
-2.005794, 1.026260 0.129032
-2.010518, 1.006826 0.129032
-2.008156, 1.016543 0.145161
-2.005794, 1.026260 0.145161
-2.010518, 1.006826 0.145161
-1.865565, 0.967450 0.000000
-1.861484, 0.976579 0.000000
-1.869646, 0.958321 0.000000
-1.865565, 0.967450 0.016129
-1.861484, 0.976579 0.016129
-1.869646, 0.958321 0.016129
-1.865565, 0.967450 0.032258
-1.861484, 0.976579 0.032258
-1.869646, 0.958321 0.032258
-1.865565, 0.967450 0.048387
-1.861484, 0.976579 0.048387
-1.869646, 0.958321 0.048387
-1.865565, 0.967450 0.064516
-1.861484, 0.976579 0.064516
-1.869646, 0.958321 0.064516
-1.865565, 0.967450 0.080645
-1.861484, 0.976579 0.080645
-1.869646, 0.958321 0.080645
-1.865565, 0.967450 0.096774
-1.861484, 0.976579 0.096774
-1.869646, 0.958321 0.096774
-1.865565, 0.967450 0.112903
-1.861484, 0.976579 0.112903
-1.869646, 0.958321 0.112903
-1.865565, 0.967450 0.129032
-1.861484, 0.976579 0.129032
-1.869646, 0.958321 0.129032
-1.865565, 0.967450 0.145161
-1.861484, 0.976579 0.145161
-1.869646, 0.958321 0.145161
-1.733274, 0.894960 0.000000
-1.727804, 0.903331 0.000000
-1.738744, 0.886589 0.000000
-1.733274, 0.894960 0.016129
-1.727804, 0.903331 0.016129
-1.738744, 0.886589 0.016129
-1.733274, 0.894960 0.032258
-1.727804, 0.903331 0.032258
-1.738744, 0.886589 0.032258
-1.733274, 0.894960 0.048387
-1.727804, 0.903331 0.048387
-1.738744, 0.886589 0.048387
-1.733274, 0.894960 0.064516
-1.727804, 0.903331 0.064516
-1.738744, 0.886589 0.064516
-1.733274, 0.894960 0.080645
-1.727804, 0.903331 0.080645
-1.738744, 0.886589 0.080645
-1.733274, 0.894960 0.096774
-1.727804, 0.903331 0.096774
-1.738744, 0.886589 0.096774
-1.733274, 0.894960 0.112903
-1.727804, 0.903331 0.112903
-1.738744, 0.886589 0.112903
-1.733274, 0.894960 0.129032
-1.727804, 0.903331 0.129032
-1.738744, 0.886589 0.129032
-1.733274, 0.894960 0.145161
-1.727804, 0.903331 0.145161
-1.738744, 0.886589 0.145161
-1.613010, 0.803834 0.000000
-1.606464, 0.811394 0.000000
-1.619556, 0.796274 0.000000
-1.613010, 0.803834 0.016129
-1.606464, 0.811394 0.016129
-1.619556, 0.796274 0.016129
-1.613010, 0.803834 0.032258
-1.606464, 0.811394 0.032258
-1.619556, 0.796274 0.032258
-1.613010, 0.803834 0.048387
-1.606464, 0.811394 0.048387
-1.619556, 0.796274 0.048387
-1.613010, 0.803834 0.064516
-1.606464, 0.811394 0.064516
-1.619556, 0.796274 0.064516
-1.613010, 0.803834 0.080645
-1.606464, 0.811394 0.080645
-1.619556, 0.796274 0.080645
-1.613010, 0.803834 0.096774
-1.606464, 0.811394 0.096774
-1.619556, 0.796274 0.096774
-1.613010, 0.803834 0.112903
-1.606464, 0.811394 0.112903
-1.619556, 0.796274 0.112903
-1.613010, 0.803834 0.129032
-1.606464, 0.811394 0.129032
-1.619556, 0.796274 0.129032
-1.613010, 0.803834 0.145161
-1.606464, 0.811394 0.145161
-1.619556, 0.796274 0.145161
-1.504670, 0.698763 0.000000
-1.497341, 0.705567 0.000000
-1.511999, 0.691959 0.000000
-1.504670, 0.698763 0.016129
-1.497341, 0.705567 0.016129
-1.511999, 0.691959 0.016129
-1.504670, 0.698763 0.032258
-1.497341, 0.705567 0.032258
-1.511999, 0.691959 0.032258
-1.504670, 0.698763 0.048387
-1.497341, 0.705567 0.048387
-1.511999, 0.691959 0.048387
-1.504670, 0.698763 0.064516
-1.497341, 0.705567 0.064516
-1.511999, 0.691959 0.064516
-1.504670, 0.698763 0.080645
-1.497341, 0.705567 0.080645
-1.511999, 0.691959 0.080645
-1.504670, 0.698763 0.096774
-1.497341, 0.705567 0.096774
-1.511999, 0.691959 0.096774
-1.504670, 0.698763 0.112903
-1.497341, 0.705567 0.112903
-1.511999, 0.691959 0.112903
-1.504670, 0.698763 0.129032
-1.497341, 0.705567 0.129032
-1.511999, 0.691959 0.129032
-1.504670, 0.698763 0.145161
-1.497341, 0.705567 0.145161
-1.511999, 0.691959 0.145161
-1.407044, 0.583637 0.000000
-1.399157, 0.589784 0.000000
-1.414931, 0.577490 0.000000
-1.407044, 0.583637 0.016129
-1.399157, 0.589784 0.016129
-1.414931, 0.577490 0.016129
-1.407044, 0.583637 0.032258
-1.399157, 0.589784 0.032258
-1.414931, 0.577490 0.032258
-1.407044, 0.583637 0.048387
-1.399157, 0.589784 0.048387
-1.414931, 0.577490 0.048387
-1.407044, 0.583637 0.064516
-1.399157, 0.589784 0.064516
-1.414931, 0.577490 0.064516
-1.407044, 0.583637 0.080645
-1.399157, 0.589784 0.080645
-1.414931, 0.577490 0.080645
-1.407044, 0.583637 0.096774
-1.399157, 0.589784 0.096774
-1.414931, 0.577490 0.096774
-1.407044, 0.583637 0.112903
-1.399157, 0.589784 0.112903
-1.414931, 0.577490 0.112903
-1.407044, 0.583637 0.129032
-1.399157, 0.589784 0.129032
-1.414931, 0.577490 0.129032
-1.407044, 0.583637 0.145161
-1.399157, 0.589784 0.145161
-1.414931, 0.577490 0.145161
-1.318408, 0.461434 0.000000
-1.310129, 0.467043 0.000000
-1.326687, 0.455825 0.000000
-1.318408, 0.461434 0.016129
-1.310129, 0.467043 0.016129
-1.326687, 0.455825 0.016129
-1.318408, 0.461434 0.032258
-1.310129, 0.467043 0.032258
-1.326687, 0.455825 0.032258
-1.318408, 0.461434 0.048387
-1.310129, 0.467043 0.048387
-1.326687, 0.455825 0.048387
-1.318408, 0.461434 0.064516
-1.310129, 0.467043 0.064516
-1.326687, 0.455825 0.064516
-1.318408, 0.461434 0.080645
-1.310129, 0.467043 0.080645
-1.326687, 0.455825 0.080645
-1.318408, 0.461434 0.096774
-1.310129, 0.467043 0.096774
-1.326687, 0.455825 0.096774
-1.318408, 0.461434 0.112903
-1.310129, 0.467043 0.112903
-1.326687, 0.455825 0.112903
-1.318408, 0.461434 0.129032
-1.310129, 0.467043 0.129032
-1.326687, 0.455825 0.129032
-1.318408, 0.461434 0.145161
-1.310129, 0.467043 0.145161
-1.326687, 0.455825 0.145161
-1.237316, 0.334091 0.000000
-1.228741, 0.339236 0.000000
-1.245891, 0.328946 0.000000
-1.237316, 0.334091 0.016129
-1.228741, 0.339236 0.016129
-1.245891, 0.328946 0.016129
-1.237316, 0.334091 0.032258
-1.228741, 0.339236 0.032258
-1.245891, 0.328946 0.032258
-1.237316, 0.334091 0.048387
-1.228741, 0.339236 0.048387
-1.245891, 0.328946 0.048387
-1.237316, 0.334091 0.064516
-1.228741, 0.339236 0.064516
-1.245891, 0.328946 0.064516
-1.237316, 0.334091 0.080645
-1.228741, 0.339236 0.080645
-1.245891, 0.328946 0.080645
-1.237316, 0.334091 0.096774
-1.228741, 0.339236 0.096774
-1.245891, 0.328946 0.096774
-1.237316, 0.334091 0.112903
-1.228741, 0.339236 0.112903
-1.245891, 0.328946 0.112903
-1.237316, 0.334091 0.129032
-1.228741, 0.339236 0.129032
-1.245891, 0.328946 0.129032
-1.237316, 0.334091 0.145161
-1.228741, 0.339236 0.145161
-1.245891, 0.328946 0.145161
-1.162637, 0.202878 0.000000
-1.153843, 0.207640 0.000000
-1.171431, 0.198116 0.000000
-1.162637, 0.202878 0.016129
-1.153843, 0.207640 0.016129
-1.171431, 0.198116 0.016129
-1.162637, 0.202878 0.032258
-1.153843, 0.207640 0.032258
-1.171431, 0.198116 0.032258
-1.162637, 0.202878 0.048387
-1.153843, 0.207640 0.048387
-1.171431, 0.198116 0.048387
-1.162637, 0.202878 0.064516
-1.153843, 0.207640 0.064516
-1.171431, 0.198116 0.064516
-1.162637, 0.202878 0.080645
-1.153843, 0.207640 0.080645
-1.171431, 0.198116 0.080645
-1.162637, 0.202878 0.096774
-1.153843, 0.207640 0.096774
-1.171431, 0.198116 0.096774
-1.162637, 0.202878 0.112903
-1.153843, 0.207640 0.112903
-1.171431, 0.198116 0.112903
-1.162637, 0.202878 0.129032
-1.153843, 0.207640 0.129032
-1.171431, 0.198116 0.129032
-1.162637, 0.202878 0.145161
-1.153843, 0.207640 0.145161
-1.171431, 0.198116 0.145161
-1.093065, 0.068881 0.000000
-1.084119, 0.073350 0.000000
-1.102011, 0.064412 0.000000
-1.093065, 0.068881 0.016129
-1.084119, 0.073350 0.016129
-1.102011, 0.064412 0.016129
-1.093065, 0.068881 0.032258
-1.084119, 0.073350 0.032258
-1.102011, 0.064412 0.032258
-1.093065, 0.068881 0.048387
-1.084119, 0.073350 0.048387
-1.102011, 0.064412 0.048387
-1.093065, 0.068881 0.064516
-1.084119, 0.073350 0.064516
-1.102011, 0.064412 0.064516
-1.093065, 0.068881 0.080645
-1.084119, 0.073350 0.080645
-1.102011, 0.064412 0.080645
-1.093065, 0.068881 0.096774
-1.084119, 0.073350 0.096774
-1.102011, 0.064412 0.096774
-1.093065, 0.068881 0.112903
-1.084119, 0.073350 0.112903
-1.102011, 0.064412 0.112903
-1.093065, 0.068881 0.129032
-1.084119, 0.073350 0.129032
-1.102011, 0.064412 0.129032
-1.093065, 0.068881 0.145161
-1.084119, 0.073350 0.145161
-1.102011, 0.064412 0.145161
-1.027327, -0.067041 0.000000
-1.018273, -0.062795 0.000000
-1.036381, -0.071287 0.000000
-1.027327, -0.067041 0.016129
-1.018273, -0.062795 0.016129
-1.036381, -0.071287 0.016129
-1.027327, -0.067041 0.032258
-1.018273, -0.062795 0.032258
-1.036381, -0.071287 0.032258
-1.027327, -0.067041 0.048387
-1.018273, -0.062795 0.048387
-1.036381, -0.071287 0.048387
-1.027327, -0.067041 0.064516
-1.018273, -0.062795 0.064516
-1.036381, -0.071287 0.064516
-1.027327, -0.067041 0.080645
-1.018273, -0.062795 0.080645
-1.036381, -0.071287 0.080645
-1.027327, -0.067041 0.096774
-1.018273, -0.062795 0.096774
-1.036381, -0.071287 0.096774
-1.027327, -0.067041 0.112903
-1.018273, -0.062795 0.112903
-1.036381, -0.071287 0.112903
-1.027327, -0.067041 0.129032
-1.018273, -0.062795 0.129032
-1.036381, -0.071287 0.129032
-1.027327, -0.067041 0.145161
-1.018273, -0.062795 0.145161
-1.036381, -0.071287 0.145161
-0.904266, -0.342786 0.000000
-0.895071, -0.338855 0.000000
-0.913461, -0.346717 0.000000
-0.904266, -0.342786 0.016129
-0.895071, -0.338855 0.016129
-0.913461, -0.346717 0.016129
-0.904266, -0.342786 0.032258
-0.895071, -0.338855 0.032258
-0.913461, -0.346717 0.032258
-0.904266, -0.342786 0.048387
-0.895071, -0.338855 0.048387
-0.913461, -0.346717 0.048387
-0.904266, -0.342786 0.064516
-0.895071, -0.338855 0.064516
-0.913461, -0.346717 0.064516
-0.904266, -0.342786 0.080645
-0.895071, -0.338855 0.080645
-0.913461, -0.346717 0.080645
-0.904266, -0.342786 0.096774
-0.895071, -0.338855 0.096774
-0.913461, -0.346717 0.096774
-0.904266, -0.342786 0.112903
-0.895071, -0.338855 0.112903
-0.913461, -0.346717 0.112903
-0.904266, -0.342786 0.129032
-0.895071, -0.338855 0.129032
-0.913461, -0.346717 0.129032
-0.904266, -0.342786 0.145161
-0.895071, -0.338855 0.145161
-0.913461, -0.346717 0.145161
-0.845719, -0.481960 0.000000
-0.836481, -0.478131 0.000000
-0.854957, -0.485789 0.000000
-0.845719, -0.481960 0.016129
-0.836481, -0.478131 0.016129
-0.854957, -0.485789 0.016129
-0.845719, -0.481960 0.032258
-0.836481, -0.478131 0.032258
-0.854957, -0.485789 0.032258
-0.845719, -0.481960 0.048387
-0.836481, -0.478131 0.048387
-0.854957, -0.485789 0.048387
-0.845719, -0.481960 0.064516
-0.836481, -0.478131 0.064516
-0.854957, -0.485789 0.064516
-0.845719, -0.481960 0.080645
-0.836481, -0.478131 0.080645
-0.854957, -0.485789 0.080645
-0.845719, -0.481960 0.096774
-0.836481, -0.478131 0.096774
-0.854957, -0.485789 0.096774
-0.845719, -0.481960 0.112903
-0.836481, -0.478131 0.112903
-0.854957, -0.485789 0.112903
-0.845719, -0.481960 0.129032
-0.836481, -0.478131 0.129032
-0.854957, -0.485789 0.129032
-0.845719, -0.481960 0.145161
-0.836481, -0.478131 0.145161
-0.854957, -0.485789 0.145161
-0.788502, -0.621685 0.000000
-0.779233, -0.617931 0.000000
-0.797771, -0.625439 0.000000
-0.788502, -0.621685 0.016129
-0.779233, -0.617931 0.016129
-0.797771, -0.625439 0.016129
-0.788502, -0.621685 0.032258
-0.779233, -0.617931 0.032258
-0.797771, -0.625439 0.032258
-0.788502, -0.621685 0.048387
-0.779233, -0.617931 0.048387
-0.797771, -0.625439 0.048387
-0.788502, -0.621685 0.064516
-0.779233, -0.617931 0.064516
-0.797771, -0.625439 0.064516
-0.788502, -0.621685 0.080645
-0.779233, -0.617931 0.080645
-0.797771, -0.625439 0.080645
-0.788502, -0.621685 0.096774
-0.779233, -0.617931 0.096774
-0.797771, -0.625439 0.096774
-0.788502, -0.621685 0.112903
-0.779233, -0.617931 0.112903
-0.797771, -0.625439 0.112903
-0.788502, -0.621685 0.129032
-0.779233, -0.617931 0.129032
-0.797771, -0.625439 0.129032
-0.788502, -0.621685 0.145161
-0.779233, -0.617931 0.145161
-0.797771, -0.625439 0.145161
-0.732265, -0.761808 0.000000
-0.722973, -0.758113 0.000000
-0.741557, -0.765503 0.000000
-0.732265, -0.761808 0.016129
-0.722973, -0.758113 0.016129
-0.741557, -0.765503 0.016129
-0.732265, -0.761808 0.032258
-0.722973, -0.758113 0.032258
-0.741557, -0.765503 0.032258
-0.732265, -0.761808 0.048387
-0.722973, -0.758113 0.048387
-0.741557, -0.765503 0.048387
-0.732265, -0.761808 0.064516
-0.722973, -0.758113 0.064516
-0.741557, -0.765503 0.064516
-0.732265, -0.761808 0.080645
-0.722973, -0.758113 0.080645
-0.741557, -0.765503 0.080645
-0.732265, -0.761808 0.096774
-0.722973, -0.758113 0.096774
-0.741557, -0.765503 0.096774
-0.732265, -0.761808 0.112903
-0.722973, -0.758113 0.112903
-0.741557, -0.765503 0.112903
-0.732265, -0.761808 0.129032
-0.722973, -0.758113 0.129032
-0.741557, -0.765503 0.129032
-0.732265, -0.761808 0.145161
-0.722973, -0.758113 0.145161
-0.741557, -0.765503 0.145161
-0.676948, -0.902297 0.000000
-0.667630, -0.898666 0.000000
-0.686266, -0.905928 0.000000
-0.676948, -0.902297 0.016129
-0.667630, -0.898666 0.016129
-0.686266, -0.905928 0.016129
-0.676948, -0.902297 0.032258
-0.667630, -0.898666 0.032258
-0.686266, -0.905928 0.032258
-0.676948, -0.902297 0.048387
-0.667630, -0.898666 0.048387
-0.686266, -0.905928 0.048387
-0.676948, -0.902297 0.064516
-0.667630, -0.898666 0.064516
-0.686266, -0.905928 0.064516
-0.676948, -0.902297 0.080645
-0.667630, -0.898666 0.080645
-0.686266, -0.905928 0.080645
-0.676948, -0.902297 0.096774
-0.667630, -0.898666 0.096774
-0.686266, -0.905928 0.096774
-0.676948, -0.902297 0.112903
-0.667630, -0.898666 0.112903
-0.686266, -0.905928 0.112903
-0.676948, -0.902297 0.129032
-0.667630, -0.898666 0.129032
-0.686266, -0.905928 0.129032
-0.676948, -0.902297 0.145161
-0.667630, -0.898666 0.145161
-0.686266, -0.905928 0.145161
-0.622642, -1.043180 0.000000
-0.613299, -1.039616 0.000000
-0.631985, -1.046744 0.000000
-0.622642, -1.043180 0.016129
-0.613299, -1.039616 0.016129
-0.631985, -1.046744 0.016129
-0.622642, -1.043180 0.032258
-0.613299, -1.039616 0.032258
-0.631985, -1.046744 0.032258
-0.622642, -1.043180 0.048387
-0.613299, -1.039616 0.048387
-0.631985, -1.046744 0.048387
-0.622642, -1.043180 0.064516
-0.613299, -1.039616 0.064516
-0.631985, -1.046744 0.064516
-0.622642, -1.043180 0.080645
-0.613299, -1.039616 0.080645
-0.631985, -1.046744 0.080645
-0.622642, -1.043180 0.096774
-0.613299, -1.039616 0.096774
-0.631985, -1.046744 0.096774
-0.622642, -1.043180 0.112903
-0.613299, -1.039616 0.112903
-0.631985, -1.046744 0.112903
-0.622642, -1.043180 0.129032
-0.613299, -1.039616 0.129032
-0.631985, -1.046744 0.129032
-0.622642, -1.043180 0.145161
-0.613299, -1.039616 0.145161
-0.631985, -1.046744 0.145161
-0.569292, -1.184427 0.000000
-0.559926, -1.180923 0.000000
-0.578658, -1.187931 0.000000
-0.569292, -1.184427 0.016129
-0.559926, -1.180923 0.016129
-0.578658, -1.187931 0.016129
-0.569292, -1.184427 0.032258
-0.559926, -1.180923 0.032258
-0.578658, -1.187931 0.032258
-0.569292, -1.184427 0.048387
-0.559926, -1.180923 0.048387
-0.578658, -1.187931 0.048387
-0.569292, -1.184427 0.064516
-0.559926, -1.180923 0.064516
-0.578658, -1.187931 0.064516
-0.569292, -1.184427 0.080645
-0.559926, -1.180923 0.080645
-0.578658, -1.187931 0.080645
-0.569292, -1.184427 0.096774
-0.559926, -1.180923 0.096774
-0.578658, -1.187931 0.096774
-0.569292, -1.184427 0.112903
-0.559926, -1.180923 0.112903
-0.578658, -1.187931 0.112903
-0.569292, -1.184427 0.129032
-0.559926, -1.180923 0.129032
-0.578658, -1.187931 0.129032
-0.569292, -1.184427 0.145161
-0.559926, -1.180923 0.145161
-0.578658, -1.187931 0.145161
-0.516770, -1.325985 0.000000
-0.507386, -1.322530 0.000000
-0.526154, -1.329440 0.000000
-0.516770, -1.325985 0.016129
-0.507386, -1.322530 0.016129
-0.526154, -1.329440 0.016129
-0.516770, -1.325985 0.032258
-0.507386, -1.322530 0.032258
-0.526154, -1.329440 0.032258
-0.516770, -1.325985 0.048387
-0.507386, -1.322530 0.048387
-0.526154, -1.329440 0.048387
-0.516770, -1.325985 0.064516
-0.507386, -1.322530 0.064516
-0.526154, -1.329440 0.064516
-0.516770, -1.325985 0.080645
-0.507386, -1.322530 0.080645
-0.526154, -1.329440 0.080645
-0.516770, -1.325985 0.096774
-0.507386, -1.322530 0.096774
-0.526154, -1.329440 0.096774
-0.516770, -1.325985 0.112903
-0.507386, -1.322530 0.112903
-0.526154, -1.329440 0.112903
-0.516770, -1.325985 0.129032
-0.507386, -1.322530 0.129032
-0.526154, -1.329440 0.129032
-0.516770, -1.325985 0.145161
-0.507386, -1.322530 0.145161
-0.526154, -1.329440 0.145161
-0.464882, -1.467776 0.000000
-0.455485, -1.464357 0.000000
-0.474279, -1.471195 0.000000
-0.464882, -1.467776 0.016129
-0.455485, -1.464357 0.016129
-0.474279, -1.471195 0.016129
-0.464882, -1.467776 0.032258
-0.455485, -1.464357 0.032258
-0.474279, -1.471195 0.032258
-0.464882, -1.467776 0.048387
-0.455485, -1.464357 0.048387
-0.474279, -1.471195 0.048387
-0.464882, -1.467776 0.064516
-0.455485, -1.464357 0.064516
-0.474279, -1.471195 0.064516
-0.464882, -1.467776 0.080645
-0.455485, -1.464357 0.080645
-0.474279, -1.471195 0.080645
-0.464882, -1.467776 0.096774
-0.455485, -1.464357 0.096774
-0.474279, -1.471195 0.096774
-0.464882, -1.467776 0.112903
-0.455485, -1.464357 0.112903
-0.474279, -1.471195 0.112903
-0.464882, -1.467776 0.129032
-0.455485, -1.464357 0.129032
-0.474279, -1.471195 0.129032
-0.464882, -1.467776 0.145161
-0.455485, -1.464357 0.145161
-0.474279, -1.471195 0.145161
-0.413534, -1.609763 0.000000
-0.404123, -1.606381 0.000000
-0.422945, -1.613145 0.000000
-0.413534, -1.609763 0.016129
-0.404123, -1.606381 0.016129
-0.422945, -1.613145 0.016129
-0.413534, -1.609763 0.032258
-0.404123, -1.606381 0.032258
-0.422945, -1.613145 0.032258
-0.413534, -1.609763 0.048387
-0.404123, -1.606381 0.048387
-0.422945, -1.613145 0.048387
-0.413534, -1.609763 0.064516
-0.404123, -1.606381 0.064516
-0.422945, -1.613145 0.064516
-0.413534, -1.609763 0.080645
-0.404123, -1.606381 0.080645
-0.422945, -1.613145 0.080645
-0.413534, -1.609763 0.096774
-0.404123, -1.606381 0.096774
-0.422945, -1.613145 0.096774
-0.413534, -1.609763 0.112903
-0.404123, -1.606381 0.112903
-0.422945, -1.613145 0.112903
-0.413534, -1.609763 0.129032
-0.404123, -1.606381 0.129032
-0.422945, -1.613145 0.129032
-0.413534, -1.609763 0.145161
-0.404123, -1.606381 0.145161
-0.422945, -1.613145 0.145161
-0.362835, -1.751984 0.000000
-0.353405, -1.748657 0.000000
-0.372265, -1.755311 0.000000
-0.362835, -1.751984 0.016129
-0.353405, -1.748657 0.016129
-0.372265, -1.755311 0.016129
-0.362835, -1.751984 0.032258
-0.353405, -1.748657 0.032258
-0.372265, -1.755311 0.032258
-0.362835, -1.751984 0.048387
-0.353405, -1.748657 0.048387
-0.372265, -1.755311 0.048387
-0.362835, -1.751984 0.064516
-0.353405, -1.748657 0.064516
-0.372265, -1.755311 0.064516
-0.362835, -1.751984 0.080645
-0.353405, -1.748657 0.080645
-0.372265, -1.755311 0.080645
-0.362835, -1.751984 0.096774
-0.353405, -1.748657 0.096774
-0.372265, -1.755311 0.096774
-0.362835, -1.751984 0.112903
-0.353405, -1.748657 0.112903
-0.372265, -1.755311 0.112903
-0.362835, -1.751984 0.129032
-0.353405, -1.748657 0.129032
-0.372265, -1.755311 0.129032
-0.362835, -1.751984 0.145161
-0.353405, -1.748657 0.145161
-0.372265, -1.755311 0.145161
-0.313442, -1.894663 0.000000
-0.303969, -1.891459 0.000000
-0.322915, -1.897867 0.000000
-0.313442, -1.894663 0.016129
-0.303969, -1.891459 0.016129
-0.322915, -1.897867 0.016129
-0.313442, -1.894663 0.032258
-0.303969, -1.891459 0.032258
-0.322915, -1.897867 0.032258
-0.313442, -1.894663 0.048387
-0.303969, -1.891459 0.048387
-0.322915, -1.897867 0.048387
-0.313442, -1.894663 0.064516
-0.303969, -1.891459 0.064516
-0.322915, -1.897867 0.064516
-0.313442, -1.894663 0.080645
-0.303969, -1.891459 0.080645
-0.322915, -1.897867 0.080645
-0.313442, -1.894663 0.096774
-0.303969, -1.891459 0.096774
-0.322915, -1.897867 0.096774
-0.313442, -1.894663 0.112903
-0.303969, -1.891459 0.112903
-0.322915, -1.897867 0.112903
-0.313442, -1.894663 0.129032
-0.303969, -1.891459 0.129032
-0.322915, -1.897867 0.129032
-0.313442, -1.894663 0.145161
-0.303969, -1.891459 0.145161
-0.322915, -1.897867 0.145161
-0.266448, -2.038148 0.000000
-0.256912, -2.035138 0.000000
-0.275984, -2.041158 0.000000
-0.266448, -2.038148 0.016129
-0.256912, -2.035138 0.016129
-0.275984, -2.041158 0.016129
-0.266448, -2.038148 0.032258
-0.256912, -2.035138 0.032258
-0.275984, -2.041158 0.032258
-0.266448, -2.038148 0.048387
-0.256912, -2.035138 0.048387
-0.275984, -2.041158 0.048387
-0.266448, -2.038148 0.064516
-0.256912, -2.035138 0.064516
-0.275984, -2.041158 0.064516
-0.266448, -2.038148 0.080645
-0.256912, -2.035138 0.080645
-0.275984, -2.041158 0.080645
-0.266448, -2.038148 0.096774
-0.256912, -2.035138 0.096774
-0.275984, -2.041158 0.096774
-0.266448, -2.038148 0.112903
-0.256912, -2.035138 0.112903
-0.275984, -2.041158 0.112903
-0.266448, -2.038148 0.129032
-0.256912, -2.035138 0.129032
-0.275984, -2.041158 0.129032
-0.266448, -2.038148 0.145161
-0.256912, -2.035138 0.145161
-0.275984, -2.041158 0.145161
-0.222844, -2.182698 0.000000
-0.213241, -2.179908 0.000000
-0.232447, -2.185488 0.000000
-0.222844, -2.182698 0.016129
-0.213241, -2.179908 0.016129
-0.232447, -2.185488 0.016129
-0.222844, -2.182698 0.032258
-0.213241, -2.179908 0.032258
-0.232447, -2.185488 0.032258
-0.222844, -2.182698 0.048387
-0.213241, -2.179908 0.048387
-0.232447, -2.185488 0.048387
-0.222844, -2.182698 0.064516
-0.213241, -2.179908 0.064516
-0.232447, -2.185488 0.064516
-0.222844, -2.182698 0.080645
-0.213241, -2.179908 0.080645
-0.232447, -2.185488 0.080645
-0.222844, -2.182698 0.096774
-0.213241, -2.179908 0.096774
-0.232447, -2.185488 0.096774
-0.222844, -2.182698 0.112903
-0.213241, -2.179908 0.112903
-0.232447, -2.185488 0.112903
-0.222844, -2.182698 0.129032
-0.213241, -2.179908 0.129032
-0.232447, -2.185488 0.129032
-0.222844, -2.182698 0.145161
-0.213241, -2.179908 0.145161
-0.232447, -2.185488 0.145161
